001000000 -5.673612e-27
001000001 1.203218e-27
001000002 4.863211e-10
001000003 -3.934556e-10
001000004 5.151134e-09
001000005 4.884422e-09
001000006 1.749570e-09
001000007 2.974987e-09
001001008 -2.468026e-09
001001009 -3.618498e-09
001001010 -2.577878e-10
001001011 -2.168861e-10
001001012 4.627329e-09
001001013 4.640420e-09
001001014 4.955110e-09
001001015 4.802457e-09
001002016 -8.054954e-10
001002017 -1.238650e-09
001002018 -1.047683e-09
001002019 -6.528126e-10
001002020 0.000000e+00
001002021 3.680988e-09
001002022 4.141890e-09
001002023 3.776715e-09
001003024 6.048446e-10
001003025 1.784487e-10
001003026 2.222653e-10
001003027 0.000000e+00
001003028 4.987431e-09
001003029 4.771645e-09
001003030 2.063645e-09
001003031 1.671772e-09
001004032 -2.103756e-09
001004033 -2.450614e-09
001004034 -2.603262e-09
001004035 -2.341118e-09
001004036 1.122123e-10
001004037 3.639531e-10
001004038 5.408222e-09
001004039 5.078625e-09
001005040 4.133261e-10
001005041 2.881021e-10
001005042 -9.041199e-10
001005043 -8.181198e-10
001005044 -1.875330e-10
001005045 -6.648284e-10
001005046 4.590849e-09
001005047 4.980943e-09
001006048 -7.181043e-10
001006049 -1.046905e-09
001006050 -7.029198e-10
001006051 -4.949499e-10
001006052 4.764404e-10
001006053 5.392544e-10
001006054 5.371881e-09
001006055 5.358173e-09
001007056 -2.190352e-09
001007057 -3.326223e-09
001007058 -2.514482e-09
001007059 -2.666580e-09
001007060 2.723792e-09
001007061 2.554052e-09
001007062 2.765265e-09
001007063 2.980008e-09
001008064 2.165041e-10
001008065 7.260915e-11
001008066 1.891302e-10
001008067 4.474763e-11
001008068 -1.037338e-09
001008069 -6.258578e-10
001008070 0.000000e+00
001008071 0.000000e+00
001009072 -7.016109e-10
001009073 -7.310933e-10
001009074 -8.039768e-10
001009075 -1.124846e-09
001009076 4.092229e-09
001009077 3.964148e-09
001009078 4.101452e-09
001009079 4.044495e-09
001010080 0.000000e+00
001010081 0.000000e+00
001010082 5.398981e-10
001010083 7.811954e-10
001010084 2.423993e-09
001010085 2.271805e-09
001010086 2.433881e-09
001010087 2.506362e-09
001011088 3.909118e-10
001011089 3.133081e-10
001011090 2.897023e-10
001011091 1.490456e-10
001011092 4.279896e-09
001011093 4.418856e-09
001011094 3.955260e-09
001011095 4.422127e-09
002000000 -5.856889e-26
002000001 6.059104e-26
002000002 1.320026e-10
002000003 -1.281094e-11
002000004 2.059973e-10
002000005 1.301943e-09
002000006 5.974189e-09
002000007 5.575094e-09
002001008 5.401108e-09
002001009 5.469030e-09
002001010 5.453254e-09
002001011 5.330291e-09
002001012 2.468973e-10
002001013 3.880102e-11
002001014 1.676074e-10
002001015 8.347876e-10
002002016 5.073068e-11
002002017 1.132607e-09
002002018 6.662520e-09
002002019 6.281309e-09
002002020 3.485826e-09
002002021 3.986760e-09
002002022 4.042412e-09
002002023 3.930782e-09
002003024 6.823446e-09
002003025 6.652780e-09
002003026 6.521752e-09
002003027 6.406319e-09
002003028 6.571569e-09
002003029 3.560317e-10
002003030 5.413417e-09
002003031 5.482107e-09
002004032 5.374977e-09
002004033 5.781055e-09
002004034 5.636253e-09
002004035 5.764559e-09
002004036 5.222681e-09
002004037 5.453194e-09
002004038 5.520617e-09
002004039 5.728649e-09
002005040 5.328843e-09
002005041 5.238989e-09
002005042 6.825775e-09
002005043 7.400263e-09
002005044 7.133665e-09
002005045 7.301299e-09
002005046 3.675851e-09
002005047 4.189788e-09
002006048 3.979478e-09
002006049 4.092549e-09
002006050 4.076949e-09
002006051 4.230201e-09
002006052 7.859257e-10
002006053 6.996239e-10
002006054 -3.245300e-11
002006055 6.093626e-09
002007056 5.631318e-09
002007057 5.964698e-09
002007058 5.630325e-09
002007059 5.378790e-09
002007060 5.688151e-09
002007061 5.684430e-09
002007062 5.580198e-09
002007063 5.567970e-09
002008064 5.501870e-09
002008065 5.638992e-09
002008066 6.021647e-09
002008067 5.456804e-09
002008068 6.985349e-09
002008069 6.767837e-09
002008070 7.678604e-09
002008071 7.075582e-09
002009072 7.098774e-09
002009073 6.782867e-09
002009074 4.358927e-09
002009075 4.373813e-09
002009076 4.109998e-09
002009077 4.241279e-09
002009078 4.312073e-09
002009079 4.422918e-09
002010080 -7.479693e-11
002010081 7.452272e-09
002010082 1.594383e-10
002010083 6.682315e-09
002010084 1.453750e-07
002010085 5.865869e-09
002010086 5.452441e-09
002010087 5.490950e-09
002011088 5.257931e-09
002011089 5.556052e-09
002011090 5.605339e-09
002011091 5.591102e-09
002011092 5.618483e-09
002011093 5.738480e-09
002011094 3.981036e-09
002011095 4.328280e-09
003000000 -1.181580e-26
003000001 6.629402e-27
003000002 -3.157917e-10
003000003 8.233257e-12
003000004 6.061762e-09
003000005 5.856067e-09
003000006 -3.400892e-10
003000007 1.079314e-09
003001008 4.857784e-09
003001009 6.061674e-09
003001010 5.456300e-09
003001011 6.114286e-09
003001012 5.595251e-09
003001013 6.458312e-09
003001014 -2.386588e-10
003001015 -1.042593e-10
003002016 -3.398476e-10
003002017 2.472022e-10
003002018 1.241863e-07
003002019 1.250962e-07
003002020 4.278550e-09
003002021 5.127895e-09
003002022 4.022035e-09
003002023 4.539854e-09
003003024 -5.680234e-10
003003025 3.730990e-10
003003026 1.171574e-09
003003027 1.156140e-09
003003028 5.093088e-10
003003029 5.258183e-10
003003030 6.447817e-09
003003031 5.649020e-09
003004032 5.758169e-09
003004033 6.429582e-09
003004034 6.135509e-09
003004035 6.366158e-09
003004036 6.570763e-09
003004037 5.866079e-09
003004038 6.576961e-09
003004039 5.804306e-09
003005040 -2.562917e-10
003005041 -1.651163e-10
003005042 -1.725472e-10
003005043 1.830398e-10
003005044 4.457742e-09
003005045 5.072595e-09
003005046 4.494375e-09
003005047 5.007006e-09
003006048 4.245700e-09
003006049 4.919218e-09
003006050 5.261143e-10
003006051 1.376820e-09
003006052 0.000000e+00
003006053 0.000000e+00
003006054 8.354747e-10
003006055 8.702158e-10
003007056 6.435903e-09
003007057 6.334858e-09
003007058 5.734171e-09
003007059 6.895667e-09
003007060 6.312414e-09
003007061 5.926802e-09
003007062 5.812307e-09
003007063 5.467638e-09
003008064 4.890786e-09
003008065 5.156182e-09
003008066 5.030288e-09
003008067 4.815210e-09
003008068 -8.992068e-10
003008069 -7.401332e-10
003008070 -9.802477e-10
003008071 -6.922278e-10
003009072 -8.385381e-10
003009073 -4.334809e-10
003009074 3.498922e-09
003009075 4.234657e-09
003009076 3.344236e-09
003009077 4.000864e-09
003009078 3.933816e-09
003009079 4.168290e-09
003010080 6.218406e-10
003010081 1.126624e-10
003010082 5.275102e-09
003010083 5.728114e-09
003010084 5.355702e-09
003010085 5.612654e-09
003010086 5.114284e-09
003010087 5.023077e-09
003011088 5.191021e-09
003011089 5.432712e-09
003011090 4.987108e-09
003011091 5.135528e-09
003011092 4.777735e-09
003011093 5.465281e-09
003011094 3.201527e-09
003011095 4.064324e-09
004000000 -1.287091e-26
004000001 -6.530947e-27
004000002 3.405121e-10
004000003 -7.285502e-10
004000004 2.070241e-10
004000005 3.727171e-10
004000006 -9.759657e-10
004000007 -1.593243e-09
004001008 -8.911874e-10
004001009 -1.742554e-09
004001010 -1.433940e-09
004001011 -1.837093e-09
004001012 0.000000e+00
004001013 0.000000e+00
004001014 -1.073923e-10
004001015 -9.125581e-10
004002016 -8.640527e-10
004002017 -8.096569e-10
004002018 -2.803739e-09
004002019 -3.646368e-09
004002020 -3.220535e-09
004002021 -3.309220e-09
004002022 -2.872701e-09
004002023 -3.959505e-09
004003024 -5.798416e-09
004003025 -1.844075e-09
004003026 -8.837784e-10
004003027 -8.825301e-10
004003028 -8.708955e-11
004003029 -7.924319e-10
004003030 -1.344499e-09
004003031 -1.336039e-09
004004032 -1.536466e-09
004004033 -1.376386e-09
004004034 -1.201311e-09
004004035 -2.075794e-09
004004036 -1.830776e-09
004004037 -1.385771e-09
004004038 -1.189026e-09
004004039 -1.699968e-09
004005040 8.968533e-10
004005041 -3.830938e-10
004005042 -2.017821e-10
004005043 -5.667526e-11
004005044 -2.981674e-09
004005045 -3.479561e-09
004005046 -2.946263e-09
004005047 -3.728056e-09
004006048 -2.634049e-09
004006049 -3.877401e-09
004006050 -6.715329e-09
004006051 -6.527447e-10
004006052 1.336682e-10
004006053 -4.615055e-10
004006054 -2.749032e-10
004006055 5.429670e-11
004007056 -1.188140e-09
004007057 -2.487835e-09
004007058 -1.513641e-09
004007059 -1.808729e-09
004007060 -8.220228e-10
004007061 -1.494127e-09
004007062 -1.086652e-09
004007063 -1.903820e-09
004008064 -1.342895e-09
004008065 -1.585341e-09
004008066 -1.235097e-09
004008067 -1.213547e-09
004008068 -2.074251e-10
004008069 -8.153165e-10
004008070 2.308427e-10
004008071 -4.496910e-10
004009072 1.117064e-11
004009073 -2.777746e-10
004009074 -3.270798e-09
004009075 -3.307430e-09
004009076 -2.892205e-09
004009077 -2.902928e-09
004009078 -2.660058e-09
004009079 -3.545872e-09
004010080 -6.046582e-09
004010081 3.653424e-10
004010082 3.335168e-10
004010083 5.698842e-10
004010084 -1.215847e-09
004010085 -1.409047e-09
004010086 -1.092976e-09
004010087 -1.570216e-09
004011088 -9.839552e-10
004011089 -1.181579e-09
004011090 -1.590798e-09
004011091 -5.920234e-10
004011092 1.189717e-10
004011093 2.665708e-10
004011094 -3.029919e-09
004011095 -2.952312e-09
005000000 -6.757735e-27
005000001 -3.431768e-27
005000002 -7.375829e-11
005000003 -1.021198e-09
005000004 -3.306271e-10
005000005 -3.417657e-11
005000006 -3.184372e-09
005000007 -3.527804e-09
005001008 2.295912e-10
005001009 -3.551591e-11
005001010 -5.568990e-11
005001011 -6.695923e-10
005001012 -1.318762e-10
005001013 1.745514e-10
005001014 9.465684e-11
005001015 2.993845e-10
005002016 -9.118043e-10
005002017 -1.076527e-09
005002018 -1.404045e-09
005002019 -1.764788e-09
005002020 -1.177930e-09
005002021 -1.674689e-09
005002022 -1.360575e-09
005002023 -1.669986e-09
005003024 -2.891291e-10
005003025 1.527062e-10
005003026 -4.815096e-10
005003027 -9.892363e-10
005003028 -1.444968e-10
005003029 -1.249714e-10
005003030 -3.363210e-09
005003031 -3.340740e-09
005004032 -2.978396e-09
005004033 -3.079147e-09
005004034 -3.095047e-09
005004035 -3.104096e-09
005004036 -6.564791e-11
005004037 2.169810e-10
005004038 -2.490073e-10
005004039 -1.286352e-09
005005040 -2.800632e-10
005005041 8.586152e-10
005005042 -1.691830e-09
005005043 -1.266308e-09
005005044 -1.306414e-09
005005045 -1.361957e-09
005005046 -1.658706e-09
005005047 -1.370793e-09
005006048 -1.683358e-09
005006049 -1.663063e-09
005006050 -1.647547e-09
005006051 -1.539228e-09
005006052 4.058895e-10
005006053 -1.387731e-09
005006054 3.461165e-10
005006055 -2.049387e-10
005007056 -3.164769e-09
005007057 -2.915012e-09
005007058 -3.076641e-09
005007059 -3.195550e-09
005007060 -3.124964e-09
005007061 -3.456735e-09
005007062 -2.697781e-09
005007063 -3.088858e-09
005008064 -7.577820e-10
005008065 -3.075667e-10
005008066 -9.861841e-10
005008067 -1.557530e-09
005008068 -1.921963e-09
005008069 -1.990580e-09
005008070 -1.325968e-09
005008071 -1.184750e-09
005009072 -1.702652e-09
005009073 -1.323455e-09
005009074 -1.865056e-09
005009075 -1.700796e-09
005009076 -1.603573e-09
005009077 -2.121331e-09
005009078 -1.337135e-09
005009079 -1.550157e-09
005010080 -1.188196e-09
005010081 -1.819540e-09
005010082 -4.656586e-10
005010083 -2.371147e-10
005010084 -3.133639e-09
005010085 -3.218495e-09
005010086 -2.654123e-09
005010087 -3.309895e-09
005011088 3.306555e-11
005011089 -6.992975e-10
005011090 -1.961521e-09
005011091 -1.906885e-09
005011092 -1.807200e-09
005011093 -2.049728e-09
005011094 -1.328695e-09
005011095 -1.579316e-09
006000000 -4.374754e-27
006000001 -5.115749e-27
006000002 -9.570363e-11
006000003 -2.183244e-10
006000004 1.631020e-09
006000005 1.317237e-09
006000006 1.890030e-09
006000007 9.016050e-10
006001008 -1.430422e-09
006001009 -1.769118e-09
006001010 -1.426540e-09
006001011 -1.515649e-09
006001012 1.712644e-09
006001013 1.662873e-09
006001014 1.182072e-09
006001015 9.210790e-10
006002016 1.575233e-09
006002017 1.434200e-09
006002018 2.433607e-10
006002019 4.396685e-10
006002020 -4.998503e-11
006002021 5.973350e-10
006002022 -1.937526e-11
006002023 -1.588137e-10
006003024 2.114362e-10
006003025 -1.561118e-10
006003026 1.984798e-10
006003027 -1.307708e-10
006003028 -3.853142e-10
006003029 -2.033927e-10
006003030 1.573962e-09
006003031 1.451157e-09
006004032 1.496314e-09
006004033 1.554925e-09
006004034 -1.312162e-09
006004035 -1.174085e-09
006004036 -1.107741e-09
006004037 -1.151398e-09
006004038 -1.673750e-09
006004039 -1.260970e-09
006005040 1.889289e-09
006005041 2.072506e-09
006005042 1.459474e-09
006005043 1.573690e-09
006005044 1.545880e-09
006005045 2.103257e-09
006005046 1.354604e-11
006005047 2.903951e-11
006006048 1.122830e-10
006006049 8.460127e-10
006006050 2.061221e-10
006006051 1.460409e-10
006006052 2.942086e-10
006006053 1.703335e-10
006006054 -1.691313e-10
006006055 -4.036190e-11
006007056 1.738139e-09
006007057 1.683008e-09
006007058 2.199648e-09
006007059 1.185311e-09
006007060 -1.122424e-09
006007061 -1.105713e-09
006007062 -1.456230e-09
006007063 -9.599012e-10
006008064 -1.151747e-09
006008065 -1.241854e-09
006008066 -1.054999e-09
006008067 -1.110345e-09
006008068 -4.993127e-09
006008069 1.511353e-09
006008070 1.533770e-09
006008071 1.063210e-09
006009072 1.737426e-09
006009073 8.122671e-10
006009074 5.147486e-10
006009075 1.523703e-10
006009076 -2.661122e-10
006009077 1.411925e-10
006009078 2.123023e-10
006009079 3.057347e-11
006010080 4.410402e-10
006010081 8.426287e-10
006010082 5.029681e-10
006010083 2.867496e-11
006010084 2.411982e-10
006010085 2.595868e-10
006010086 0.000000e+00
006010087 1.516941e-09
006011088 -1.005123e-09
006011089 -1.196984e-09
006011090 -1.226129e-09
006011091 -1.079182e-09
006011092 1.392857e-09
006011093 1.506885e-09
006011094 -7.844633e-11
006011095 1.097912e-09
007000000 1.850165e-26
007000001 -1.522343e-26
007000002 -1.598642e-10
007000003 4.828382e-10
007000004 -5.883016e-10
007000005 3.265571e-10
007000006 4.573971e-09
007000007 4.944664e-09
007001008 4.816451e-09
007001009 5.068213e-09
007001010 4.576631e-09
007001011 4.978506e-09
007001012 7.607607e-09
007001013 8.311482e-09
007001014 7.013978e-09
007001015 8.040196e-09
007002016 5.764516e-09
007002017 5.682555e-09
007002018 5.658527e-09
007002019 6.083074e-09
007002020 5.465210e-09
007002021 6.215485e-09
007002022 5.935104e-09
007002023 6.784576e-09
007003024 -3.367284e-10
007003025 3.502288e-10
007003026 -6.169221e-10
007003027 1.483932e-10
007003028 0.000000e+00
007003029 0.000000e+00
007003030 -6.138393e-10
007003031 5.785647e-10
007004032 4.350734e-09
007004033 4.848849e-09
007004034 4.441136e-09
007004035 4.661980e-09
007004036 0.000000e+00
007004037 4.588658e-09
007004038 7.255443e-09
007004039 8.191181e-09
007005040 7.723875e-09
007005041 7.840903e-09
007005042 -5.113731e-06
007005043 7.594396e-09
007005044 5.759065e-09
007005045 5.512809e-09
007005046 5.325444e-09
007005047 5.429358e-09
007006048 5.982134e-09
007006049 6.308915e-09
007006050 -1.942236e-10
007006051 2.310651e-10
007006052 -4.544387e-10
007006053 2.040036e-10
007006054 -2.954353e-10
007006055 6.074950e-11
007007056 -4.422108e-10
007007057 5.750805e-11
007007058 4.307082e-09
007007059 4.414151e-09
007007060 4.512696e-09
007007061 4.650155e-09
007007062 4.258719e-09
007007063 4.698903e-09
007008064 5.032356e-11
007008065 -1.152538e-10
007008066 -1.985763e-10
007008067 -8.601954e-11
007008068 6.514642e-09
007008069 2.278596e-10
007008070 5.478076e-09
007008071 5.910809e-09
007009072 5.574049e-09
007009073 6.108932e-09
007009074 5.045465e-09
007009075 6.039025e-09
007009076 5.425673e-09
007009077 6.068220e-09
007009078 5.156278e-09
007009079 5.345512e-09
007010080 5.615922e-09
007010081 6.407827e-09
007010082 -5.872389e-10
007010083 -7.144986e-11
007010084 -2.015422e-10
007010085 -3.254578e-10
007010086 4.028891e-09
007010087 4.643418e-09
007011088 -1.940440e-10
007011089 6.637883e-11
007011090 -4.340819e-10
007011091 7.601856e-09
007011092 6.759479e-09
007011093 1.562502e-10
007011094 5.399523e-09
007011095 6.012036e-09
011000000 0.000000e+00
011000001 0.000000e+00
011000002 0.000000e+00
011000003 0.000000e+00
011000004 0.000000e+00
011000005 0.000000e+00
011000006 0.000000e+00
011000007 0.000000e+00
011001008 0.000000e+00
011001009 0.000000e+00
011001010 0.000000e+00
011001011 0.000000e+00
011001012 0.000000e+00
011001013 0.000000e+00
011001014 0.000000e+00
011001015 0.000000e+00
011002016 0.000000e+00
011002017 0.000000e+00
011002018 0.000000e+00
011002019 0.000000e+00
011002020 0.000000e+00
011002021 0.000000e+00
011002022 0.000000e+00
011002023 0.000000e+00
011003024 0.000000e+00
011003025 0.000000e+00
011003026 0.000000e+00
011003027 0.000000e+00
011003028 0.000000e+00
011003029 0.000000e+00
011003030 0.000000e+00
011003031 0.000000e+00
011004032 0.000000e+00
011004033 0.000000e+00
011004034 0.000000e+00
011004035 0.000000e+00
011004036 0.000000e+00
011004037 0.000000e+00
011004038 0.000000e+00
011004039 0.000000e+00
011005040 0.000000e+00
011005041 0.000000e+00
011005042 0.000000e+00
011005043 0.000000e+00
011005044 0.000000e+00
011005045 0.000000e+00
011005046 0.000000e+00
011005047 0.000000e+00
011006048 0.000000e+00
011006049 0.000000e+00
011006050 0.000000e+00
011006051 0.000000e+00
011006052 0.000000e+00
011006053 0.000000e+00
011006054 0.000000e+00
011006055 0.000000e+00
011007056 0.000000e+00
011007057 0.000000e+00
011007058 0.000000e+00
011007059 0.000000e+00
011007060 0.000000e+00
011007061 0.000000e+00
011007062 0.000000e+00
011007063 0.000000e+00
011008064 0.000000e+00
011008065 0.000000e+00
011008066 0.000000e+00
011008067 0.000000e+00
011008068 0.000000e+00
011008069 0.000000e+00
011008070 0.000000e+00
011008071 0.000000e+00
011009072 0.000000e+00
011009073 0.000000e+00
011009074 0.000000e+00
011009075 0.000000e+00
011009076 0.000000e+00
011009077 0.000000e+00
011009078 0.000000e+00
011009079 0.000000e+00
011010080 0.000000e+00
011010081 0.000000e+00
011010082 0.000000e+00
011010083 0.000000e+00
011010084 0.000000e+00
011010085 0.000000e+00
011010086 0.000000e+00
011010087 0.000000e+00
011011088 0.000000e+00
011011089 0.000000e+00
011011090 0.000000e+00
011011091 0.000000e+00
011011092 0.000000e+00
011011093 0.000000e+00
011011094 0.000000e+00
011011095 0.000000e+00
013000000 0.000000e+00
013000001 0.000000e+00
013000002 0.000000e+00
013000003 0.000000e+00
013000004 0.000000e+00
013000005 0.000000e+00
013000006 0.000000e+00
013000007 0.000000e+00
013001008 0.000000e+00
013001009 0.000000e+00
013001010 0.000000e+00
013001011 0.000000e+00
013001012 0.000000e+00
013001013 0.000000e+00
013001014 0.000000e+00
013001015 0.000000e+00
013002016 0.000000e+00
013002017 0.000000e+00
013002018 0.000000e+00
013002019 0.000000e+00
013002020 0.000000e+00
013002021 0.000000e+00
013002022 0.000000e+00
013002023 0.000000e+00
013003024 0.000000e+00
013003025 0.000000e+00
013003026 0.000000e+00
013003027 0.000000e+00
013003028 0.000000e+00
013003029 0.000000e+00
013003030 0.000000e+00
013003031 0.000000e+00
013004032 0.000000e+00
013004033 0.000000e+00
013004034 0.000000e+00
013004035 0.000000e+00
013004036 0.000000e+00
013004037 0.000000e+00
013004038 0.000000e+00
013004039 0.000000e+00
013005040 0.000000e+00
013005041 0.000000e+00
013005042 0.000000e+00
013005043 0.000000e+00
013005044 0.000000e+00
013005045 0.000000e+00
013005046 0.000000e+00
013005047 0.000000e+00
013006048 0.000000e+00
013006049 0.000000e+00
013006050 0.000000e+00
013006051 0.000000e+00
013006052 0.000000e+00
013006053 0.000000e+00
013006054 0.000000e+00
013006055 0.000000e+00
013007056 0.000000e+00
013007057 0.000000e+00
013007058 0.000000e+00
013007059 0.000000e+00
013007060 0.000000e+00
013007061 0.000000e+00
013007062 0.000000e+00
013007063 0.000000e+00
013008064 0.000000e+00
013008065 0.000000e+00
013008066 0.000000e+00
013008067 0.000000e+00
013008068 0.000000e+00
013008069 0.000000e+00
013008070 0.000000e+00
013008071 0.000000e+00
013009072 0.000000e+00
013009073 0.000000e+00
013009074 0.000000e+00
013009075 0.000000e+00
013009076 0.000000e+00
013009077 0.000000e+00
013009078 0.000000e+00
013009079 0.000000e+00
013010080 0.000000e+00
013010081 0.000000e+00
013010082 0.000000e+00
013010083 0.000000e+00
013010084 0.000000e+00
013010085 0.000000e+00
013010086 0.000000e+00
013010087 0.000000e+00
013011088 0.000000e+00
013011089 0.000000e+00
013011090 0.000000e+00
013011091 0.000000e+00
013011092 0.000000e+00
013011093 0.000000e+00
013011094 0.000000e+00
013011095 0.000000e+00
017000000 1.767457e-26
017000001 6.328538e-27
017000002 6.595410e-10
017000003 3.583270e-10
017000004 -5.179883e-10
017000005 1.347948e-09
017000006 -2.757140e-09
017000007 -1.705885e-09
017001008 -2.474589e-09
017001009 -1.878754e-09
017001010 7.539958e-11
017001011 1.094539e-09
017001012 4.880395e-10
017001013 1.643998e-09
017001014 2.657997e-10
017001015 1.078899e-09
017002016 -1.059963e-09
017002017 -3.317809e-10
017002018 -1.423168e-09
017002019 -5.608854e-10
017002020 -1.318888e-09
017002021 -6.093907e-10
017002022 -1.531434e-09
017002023 -2.715337e-10
017003024 3.509416e-10
017003025 2.237108e-10
017003026 7.108422e-10
017003027 5.366592e-10
017003028 -1.566413e-10
017003029 1.612624e-09
017003030 -7.166727e-10
017003031 1.465917e-09
017004032 -2.490613e-09
017004033 -1.186539e-09
017004034 -2.475282e-09
017004035 -1.127384e-09
017004036 -1.581293e-09
017004037 -1.710005e-09
017004038 1.170946e-09
017004039 2.120122e-09
017005040 9.218600e-10
017005041 1.565579e-09
017005042 -5.794024e-10
017005043 2.014435e-10
017005044 -8.016053e-10
017005045 -1.379429e-10
017005046 -9.939888e-10
017005047 -3.708535e-10
017006048 -7.757049e-10
017006049 -2.977357e-10
017006050 -6.210972e-10
017006051 -2.800072e-10
017006052 5.241780e-10
017006053 5.363203e-10
017006054 2.111627e-10
017006055 8.479950e-10
017007056 6.316576e-10
017007057 1.866017e-09
017007058 -1.848001e-09
017007059 -1.760766e-09
017007060 -2.093266e-09
017007061 -1.446951e-09
017007062 -2.040081e-09
017007063 -1.408409e-09
017008064 -1.875349e-09
017008065 -9.625543e-10
017008066 7.390191e-10
017008067 1.507404e-09
017008068 9.985889e-10
017008069 1.216522e-09
017008070 -1.103655e-10
017008071 5.798279e-11
017009072 -6.658378e-12
017009073 1.729239e-10
017009074 -5.395088e-10
017009075 1.121228e-10
017009076 -7.729352e-10
017009077 -2.608945e-10
017009078 -4.451523e-10
017009079 0.000000e+00
017010080 -5.371100e-10
017010081 -6.608239e-10
017010082 -5.435934e-10
017010083 -4.900432e-10
017010084 9.980400e-10
017010085 8.030586e-10
017010086 -2.151375e-09
017010087 -2.037306e-09
017011088 -1.328396e-09
017011089 -1.915396e-09
017011090 8.967590e-10
017011091 1.442786e-09
017011092 9.707305e-10
017011093 2.145075e-09
017011094 -7.793705e-10
017011095 1.613188e-10
021000000 -6.828413e-27
021000001 4.309983e-27
021000002 -4.092179e-10
021000003 6.229141e-11
021000004 -7.537749e-10
021000005 3.283705e-10
021000006 -3.715560e-09
021000007 -2.839035e-09
021001008 -3.533403e-09
021001009 -2.334930e-09
021001010 1.542189e-10
021001011 5.502209e-11
021001012 -6.381003e-10
021001013 -3.405810e-10
021001014 -2.157199e-09
021001015 -5.185998e-10
021002016 -1.875092e-09
021002017 -1.355019e-09
021002018 -1.809284e-09
021002019 -9.566561e-10
021002020 -2.071743e-09
021002021 5.185789e-10
021002022 -1.411960e-09
021002023 -1.105851e-09
021003024 -3.198268e-10
021003025 6.955577e-10
021003026 -2.772289e-10
021003027 2.696974e-10
021003028 -1.239022e-09
021003029 1.058591e-09
021003030 -3.551078e-09
021003031 -2.797282e-09
021004032 -4.602694e-09
021004033 -2.996443e-09
021004034 0.000000e+00
021004035 0.000000e+00
021004036 -5.464907e-10
021004037 8.932666e-11
021004038 0.000000e+00
021004039 -1.208574e-09
021005040 -2.444236e-09
021005041 -1.561872e-09
021005042 -2.784768e-09
021005043 -1.020108e-09
021005044 -2.159527e-09
021005045 -1.466798e-09
021005046 -2.331022e-09
021005047 -1.308067e-09
021006048 -2.304172e-09
021006049 -1.425088e-09
021006050 -2.353602e-09
021006051 -1.300263e-09
021006052 -4.911590e-10
021006053 2.548091e-11
021006054 -8.458063e-10
021006055 4.283675e-10
021007056 -3.820661e-09
021007057 -2.986917e-09
021007058 0.000000e+00
021007059 -3.223001e-09
021007060 -4.085793e-09
021007061 -2.860124e-09
021007062 -1.012794e-09
021007063 -5.030220e-11
021008064 -1.313664e-09
021008065 -7.373422e-10
021008066 -2.979841e-09
021008067 -1.973688e-09
021008068 -2.985642e-09
021008069 -2.311266e-09
021008070 -3.041192e-09
021008071 -2.218344e-09
021009072 -3.232012e-09
021009073 -2.007670e-09
021009074 -2.817293e-09
021009075 -2.181366e-09
021009076 -3.069235e-09
021009077 -2.374942e-09
021009078 -1.339479e-09
021009079 -1.953454e-09
021010080 -2.438587e-09
021010081 -1.905718e-09
021010082 -1.599357e-09
021010083 -7.877835e-10
021010084 -4.720030e-09
021010085 -3.688266e-09
021010086 -4.599317e-09
021010087 -3.907054e-09
021011088 -1.752066e-09
021011089 -2.227093e-10
021011090 -3.220760e-09
021011091 -2.319181e-09
021011092 0.000000e+00
021011093 0.000000e+00
021011094 -3.028649e-09
021011095 -2.030293e-09
024000000 -1.452379e-26
024000001 1.309971e-26
024000002 -2.552885e-10
024000003 1.156305e-09
024000004 9.861616e-11
024000005 4.882669e-10
024000006 -1.053443e-10
024000007 1.355175e-10
024001008 5.768367e-09
024001009 6.545385e-09
024001010 5.917446e-09
024001011 6.347588e-09
024001012 1.815249e-10
024001013 -2.471738e-11
024001014 -4.774684e-12
024001015 1.022001e-09
024002016 -2.781484e-10
024002017 4.915417e-10
024002018 4.496689e-09
024002019 5.018529e-09
024002020 4.319761e-09
024002021 4.903111e-09
024002022 4.200699e-09
024002023 4.857201e-09
024003024 5.369202e-09
024003025 5.104168e-09
024003026 9.523387e-11
024003027 2.874916e-10
024003028 9.497367e-10
024003029 8.988793e-10
024003030 -2.525760e-10
024003031 9.453527e-10
024004032 6.004981e-09
024004033 6.910410e-09
024004034 7.006683e-09
024004035 6.804631e-09
024004036 6.235493e-09
024004037 6.555244e-09
024004038 6.590242e-09
024004039 6.620679e-09
024005040 3.677256e-10
024005041 4.271338e-10
024005042 2.005655e-10
024005043 1.135194e-09
024005044 4.045539e-10
024005045 1.448846e-09
024005046 4.584588e-09
024005047 4.966217e-09
024006048 4.536531e-09
024006049 5.467311e-09
024006050 4.985488e-09
024006051 4.927348e-09
024006052 0.000000e+00
024006053 0.000000e+00
024006054 -1.206755e-11
024006055 5.926587e-10
024007056 -2.020964e-10
024007057 4.604441e-10
024007058 6.956307e-09
024007059 6.675452e-09
024007060 6.597463e-09
024007061 6.491567e-09
024007062 7.000267e-09
024007063 6.570940e-09
024008064 7.444525e-09
024008065 7.031242e-09
024008066 7.431724e-09
024008067 6.890636e-09
024008068 7.522318e-10
024008069 1.188581e-09
024008070 1.136220e-09
024008071 1.606065e-10
024009072 5.360242e-10
024009073 1.386355e-09
024009074 5.057903e-09
024009075 5.559599e-09
024009076 5.354898e-09
024009077 5.364417e-09
024009078 4.973031e-09
024009079 5.613113e-09
024010080 5.572970e-09
024010081 5.075947e-09
024010082 5.085329e-10
024010083 8.123735e-10
024010084 8.498491e-11
024010085 1.507560e-09
024010086 6.218337e-09
024010087 6.926425e-09
024011088 6.764093e-09
024011089 7.395589e-09
024011090 6.650989e-09
024011091 6.948128e-09
024011092 7.664298e-09
024011093 6.892258e-09
024011094 1.428714e-09
024011095 8.852436e-10
026000000 -1.761165e-26
026000001 5.524289e-27
026000002 -2.583414e-10
026000003 8.484644e-11
026000004 1.069024e-08
026000005 1.098506e-08
026000006 1.087965e-08
026000007 1.136529e-08
026001008 5.905210e-09
026001009 5.528586e-09
026001010 -4.989195e-10
026001011 2.828843e-10
026001012 4.471975e-09
026001013 4.819813e-09
026001014 4.369101e-09
026001015 5.047333e-09
026002016 4.721470e-09
026002017 3.836598e-09
026002018 4.046396e-09
026002019 4.092791e-09
026002020 4.347591e-09
026002021 4.821209e-09
026002022 4.881481e-09
026002023 4.895941e-09
026003024 -7.748750e-11
026003025 5.220560e-10
026003026 -3.795807e-10
026003027 -3.003361e-10
026003028 1.044823e-08
026003029 1.104767e-08
026003030 0.000000e+00
026003031 1.113030e-08
026004032 5.381183e-09
026004033 6.140906e-09
026004034 5.277891e-09
026004035 6.268072e-09
026004036 4.509345e-09
026004037 5.338772e-09
026004038 4.225097e-09
026004039 5.165043e-09
026005040 -4.711965e-10
026005041 1.743196e-10
026005042 9.164686e-09
026005043 1.038465e-08
026005044 9.361796e-09
026005045 1.035025e-08
026005046 4.375363e-09
026005047 5.272393e-09
026006048 0.000000e+00
026006049 5.890171e-10
026006050 4.541121e-09
026006051 5.372482e-09
026006052 4.469627e-09
026006053 5.218832e-09
026006054 1.063590e-08
026006055 1.135311e-08
026007056 5.528377e-09
026007057 6.029255e-09
026007058 1.019874e-08
026007059 1.153175e-08
026007060 1.070602e-08
026007061 1.119670e-08
026007062 1.103766e-08
026007063 1.107365e-08
026008064 7.166723e-09
026008065 7.350206e-09
026008066 7.843540e-10
026008067 1.600896e-09
026008068 0.000000e+00
026008069 0.000000e+00
026008070 5.588174e-09
026008071 5.968634e-09
026009072 5.513594e-09
026009073 6.505857e-09
026009074 5.133883e-09
026009075 5.701485e-09
026009076 5.684370e-09
026009077 5.546668e-09
026009078 1.036065e-09
026009079 9.976617e-10
026010080 6.802189e-09
026010081 7.578235e-09
026010082 6.925337e-09
026010083 7.599993e-09
026010084 6.976895e-09
026010085 7.258235e-09
026010086 6.816433e-09
026010087 7.539927e-09
026011088 7.222169e-09
026011089 7.765071e-09
026011090 1.369624e-09
026011091 1.437834e-09
026011092 1.276850e-09
026011093 1.745309e-09
026011094 4.971868e-09
026011095 6.328315e-09
028000000 0.000000e+00
028000001 0.000000e+00
028000002 0.000000e+00
028000003 0.000000e+00
028000004 0.000000e+00
028000005 0.000000e+00
028000006 0.000000e+00
028000007 0.000000e+00
028001008 0.000000e+00
028001009 0.000000e+00
028001010 0.000000e+00
028001011 0.000000e+00
028001012 0.000000e+00
028001013 0.000000e+00
028001014 0.000000e+00
028001015 0.000000e+00
028002016 0.000000e+00
028002017 0.000000e+00
028002018 0.000000e+00
028002019 0.000000e+00
028002020 0.000000e+00
028002021 0.000000e+00
028002022 0.000000e+00
028002023 0.000000e+00
028003024 0.000000e+00
028003025 0.000000e+00
028003026 0.000000e+00
028003027 0.000000e+00
028003028 0.000000e+00
028003029 0.000000e+00
028003030 0.000000e+00
028003031 0.000000e+00
028004032 0.000000e+00
028004033 0.000000e+00
028004034 0.000000e+00
028004035 0.000000e+00
028004036 0.000000e+00
028004037 0.000000e+00
028004038 0.000000e+00
028004039 0.000000e+00
028005040 0.000000e+00
028005041 0.000000e+00
028005042 0.000000e+00
028005043 0.000000e+00
028005044 0.000000e+00
028005045 0.000000e+00
028005046 0.000000e+00
028005047 0.000000e+00
028006048 0.000000e+00
028006049 0.000000e+00
028006050 0.000000e+00
028006051 0.000000e+00
028006052 0.000000e+00
028006053 0.000000e+00
028006054 0.000000e+00
028006055 0.000000e+00
028007056 0.000000e+00
028007057 0.000000e+00
028007058 0.000000e+00
028007059 0.000000e+00
028007060 0.000000e+00
028007061 0.000000e+00
028007062 0.000000e+00
028007063 0.000000e+00
028008064 0.000000e+00
028008065 0.000000e+00
028008066 0.000000e+00
028008067 0.000000e+00
028008068 0.000000e+00
028008069 0.000000e+00
028008070 0.000000e+00
028008071 0.000000e+00
028009072 0.000000e+00
028009073 0.000000e+00
028009074 0.000000e+00
028009075 0.000000e+00
028009076 0.000000e+00
028009077 0.000000e+00
028009078 0.000000e+00
028009079 0.000000e+00
028010080 0.000000e+00
028010081 0.000000e+00
028010082 0.000000e+00
028010083 0.000000e+00
028010084 0.000000e+00
028010085 0.000000e+00
028010086 0.000000e+00
028010087 0.000000e+00
028011088 0.000000e+00
028011089 0.000000e+00
028011090 0.000000e+00
028011091 0.000000e+00
028011092 0.000000e+00
028011093 0.000000e+00
028011094 0.000000e+00
028011095 0.000000e+00
030000000 5.001488e-27
030000001 4.375603e-27
030000002 4.662437e-11
030000003 -2.193009e-11
030000004 5.315885e-09
030000005 4.737959e-09
030000006 4.935732e-09
030000007 4.688469e-09
030001008 -2.262811e-09
030001009 -3.612021e-09
030001010 -2.692632e-09
030001011 -2.623146e-09
030001012 5.131434e-09
030001013 4.741640e-09
030001014 4.857960e-09
030001015 4.878111e-09
030002016 -2.325956e-11
030002017 -2.971592e-10
030002018 -8.659245e-10
030002019 -1.703150e-09
030002020 3.949653e-09
030002021 3.353220e-09
030002022 4.074890e-09
030002023 3.640545e-09
030003024 -1.268008e-09
030003025 -1.373858e-09
030003026 3.853245e-10
030003027 6.772148e-10
030003028 0.000000e+00
030003029 0.000000e+00
030003030 5.196879e-09
030003031 4.729585e-09
030004032 -1.211456e-09
030004033 -1.639660e-09
030004034 -1.353208e-09
030004035 -1.778575e-09
030004036 -1.945711e-09
030004037 -1.637134e-09
030004038 1.153322e-09
030004039 9.156590e-10
030005040 1.859671e-09
030005041 9.667211e-10
030005042 1.515832e-09
030005043 4.990855e-10
030005044 -5.636806e-11
030005045 -2.403377e-10
030005046 -3.350422e-10
030005047 -6.564438e-10
030006048 -7.065556e-11
030006049 -2.029462e-10
030006050 1.586361e-10
030006051 1.531856e-10
030006052 3.017501e-10
030006053 -2.847605e-10
030006054 1.230072e-09
030006055 1.182406e-09
030007056 1.273499e-09
030007057 1.539839e-09
030007058 -1.242570e-09
030007059 -1.495111e-09
030007060 -1.238561e-09
030007061 -1.541546e-09
030007062 -1.243657e-09
030007063 -1.352591e-09
030008064 2.184354e-09
030008065 2.117479e-09
030008066 5.554109e-09
030008067 4.777976e-09
030008068 5.043296e-09
030008069 4.956090e-09
030008070 3.805244e-09
030008071 3.474888e-09
030009072 3.873288e-09
030009073 3.357252e-09
030009074 3.695993e-09
030009075 3.212343e-09
030009076 4.793018e-09
030009077 3.632775e-09
030009078 3.632026e-09
030009079 3.638855e-09
030010080 3.845818e-09
030010081 3.749465e-09
030010082 5.037805e-09
030010083 4.823114e-09
030010084 5.473159e-09
030010085 5.149164e-09
030010086 5.396678e-09
030010087 4.787846e-09
030011088 -2.290941e-09
030011089 -2.660891e-09
030011090 4.997843e-09
030011091 4.769816e-09
030011092 5.218646e-09
030011093 4.972356e-09
030011094 3.727835e-09
030011095 3.489966e-09
031000000 0.000000e+00
031000001 0.000000e+00
031000002 0.000000e+00
031000003 0.000000e+00
031000004 0.000000e+00
031000005 0.000000e+00
031000006 0.000000e+00
031000007 0.000000e+00
031001008 0.000000e+00
031001009 0.000000e+00
031001010 0.000000e+00
031001011 0.000000e+00
031001012 0.000000e+00
031001013 0.000000e+00
031001014 0.000000e+00
031001015 0.000000e+00
031002016 0.000000e+00
031002017 0.000000e+00
031002018 0.000000e+00
031002019 0.000000e+00
031002020 0.000000e+00
031002021 0.000000e+00
031002022 0.000000e+00
031002023 0.000000e+00
031003024 0.000000e+00
031003025 0.000000e+00
031003026 0.000000e+00
031003027 0.000000e+00
031003028 0.000000e+00
031003029 0.000000e+00
031003030 0.000000e+00
031003031 0.000000e+00
031004032 0.000000e+00
031004033 0.000000e+00
031004034 0.000000e+00
031004035 0.000000e+00
031004036 0.000000e+00
031004037 0.000000e+00
031004038 0.000000e+00
031004039 0.000000e+00
031005040 0.000000e+00
031005041 0.000000e+00
031005042 0.000000e+00
031005043 0.000000e+00
031005044 0.000000e+00
031005045 0.000000e+00
031005046 0.000000e+00
031005047 0.000000e+00
031006048 0.000000e+00
031006049 0.000000e+00
031006050 0.000000e+00
031006051 0.000000e+00
031006052 0.000000e+00
031006053 0.000000e+00
031006054 0.000000e+00
031006055 0.000000e+00
031007056 0.000000e+00
031007057 0.000000e+00
031007058 0.000000e+00
031007059 0.000000e+00
031007060 0.000000e+00
031007061 0.000000e+00
031007062 0.000000e+00
031007063 0.000000e+00
031008064 0.000000e+00
031008065 0.000000e+00
031008066 0.000000e+00
031008067 0.000000e+00
031008068 0.000000e+00
031008069 0.000000e+00
031008070 0.000000e+00
031008071 0.000000e+00
031009072 0.000000e+00
031009073 0.000000e+00
031009074 0.000000e+00
031009075 0.000000e+00
031009076 0.000000e+00
031009077 0.000000e+00
031009078 0.000000e+00
031009079 0.000000e+00
031010080 0.000000e+00
031010081 0.000000e+00
031010082 0.000000e+00
031010083 0.000000e+00
031010084 0.000000e+00
031010085 0.000000e+00
031010086 0.000000e+00
031010087 0.000000e+00
031011088 0.000000e+00
031011089 0.000000e+00
031011090 0.000000e+00
031011091 0.000000e+00
031011092 0.000000e+00
031011093 0.000000e+00
031011094 0.000000e+00
031011095 0.000000e+00
032000000 -2.419416e-26
032000001 -6.967394e-27
032000002 8.587131e-10
032000003 4.562086e-10
032000004 5.614484e-09
032000005 4.697983e-09
032000006 5.967713e-09
032000007 6.039127e-09
032001008 -2.290353e-10
032001009 -1.666692e-09
032001010 4.819408e-09
032001011 3.860810e-09
032001012 5.753007e-09
032001013 5.864144e-09
032001014 5.372543e-09
032001015 5.747328e-09
032002016 5.910952e-10
032002017 8.491826e-10
032002018 5.823938e-09
032002019 5.106769e-09
032002020 2.759176e-09
032002021 2.321133e-09
032002022 2.807112e-09
032002023 2.464830e-09
032003024 -1.969194e-09
032003025 -2.730869e-09
032003026 5.771424e-09
032003027 4.944864e-09
032003028 5.441081e-09
032003029 4.598728e-09
032003030 5.534805e-09
032003031 5.172353e-09
032004032 7.312224e-10
032004033 -3.582596e-10
032004034 2.117912e-10
032004035 -3.133588e-10
032004036 9.181351e-10
032004037 -2.220538e-10
032004038 6.848932e-10
032004039 -4.238586e-10
032005040 3.604976e-10
032005041 -1.141520e-10
032005042 2.183715e-09
032005043 1.615434e-09
032005044 1.706263e-09
032005045 1.690896e-09
032005046 3.915567e-09
032005047 3.274481e-09
032006048 -1.383443e-09
032006049 0.000000e+00
032006050 -1.010482e-09
032006051 -1.395421e-09
032006052 1.689961e-09
032006053 9.353031e-10
032006054 2.000477e-09
032006055 1.260060e-09
032007056 1.631358e-09
032007057 1.565567e-09
032007058 4.354660e-10
032007059 -8.193012e-11
032007060 3.351767e-10
032007061 -1.847781e-10
032007062 5.395146e-10
032007063 -5.811077e-10
032008064 6.370551e-10
032008065 -3.154995e-10
032008066 6.874678e-10
032008067 -2.167858e-10
032008068 6.149211e-10
032008069 -2.723397e-10
032008070 6.371070e-09
032008071 6.695712e-09
032009072 1.429538e-09
032009073 8.241237e-10
032009074 -1.170938e-09
032009075 -1.531008e-09
032009076 -1.117395e-09
032009077 -1.797468e-09
032009078 -1.132670e-09
032009079 -1.856751e-09
032010080 -1.353817e-09
032010081 -1.477923e-09
032010082 1.832543e-09
032010083 1.325236e-09
032010084 1.610326e-09
032010085 1.883205e-09
032010086 3.536210e-10
032010087 -3.185951e-10
032011088 3.848928e-10
032011089 -9.546588e-11
032011090 1.015780e-09
032011091 -1.212690e-10
032011092 0.000000e+00
032011093 0.000000e+00
032011094 3.179109e-09
032011095 2.957387e-09
101000000 -6.290191e-27
101000001 -9.486564e-27
101000002 3.272345e-10
101000003 -3.799214e-10
101000004 -1.720228e-10
101000005 -2.049935e-11
101000006 -9.593621e-10
101000007 -1.371354e-09
101001008 -1.207586e-09
101001009 -2.005745e-09
101001010 -8.729183e-10
101001011 -1.387415e-09
101001012 3.150409e-10
101001013 5.617276e-11
101001014 -1.982736e-10
101001015 -4.283520e-10
101002016 5.384002e-10
101002017 -7.478250e-11
101002018 -2.298461e-09
101002019 -2.706295e-09
101002020 -2.773590e-09
101002021 -2.645509e-09
101002022 -2.039003e-09
101002023 -2.765465e-09
101003024 1.815695e-10
101003025 -3.430576e-10
101003026 -2.206134e-10
101003027 -2.047720e-10
101003028 9.292655e-10
101003029 -2.118535e-10
101003030 -7.840697e-10
101003031 -1.265758e-09
101004032 -2.548509e-09
101004033 -3.002175e-09
101004034 -2.757069e-09
101004035 -2.263505e-09
101004036 -2.825458e-09
101004037 -3.274305e-09
101004038 -1.075971e-09
101004039 -1.830379e-09
101005040 -1.702556e-09
101005041 -1.749719e-09
101005042 -5.815658e-10
101005043 -1.726311e-09
101005044 -1.792208e-09
101005045 -1.889263e-09
101005046 -4.288059e-09
101005047 -5.295755e-09
101006048 -4.894423e-09
101006049 -4.531420e-09
101006050 -1.305088e-09
101006051 -2.204328e-09
101006052 -1.292428e-09
101006053 -1.875253e-09
101006054 -1.707450e-09
101006055 -2.044439e-09
101007056 -2.510356e-09
101007057 -2.889122e-09
101007058 -3.209212e-09
101007059 -3.093518e-09
101007060 -2.656922e-09
101007061 -3.006485e-09
101007062 -2.775540e-09
101007063 -2.929631e-09
101008064 -7.605566e-10
101008065 -6.750609e-10
101008066 -6.904622e-10
101008067 -1.290524e-09
101008068 -1.276024e-09
101008069 -1.393257e-09
101008070 2.875363e-10
101008071 2.727029e-10
101009072 3.982624e-10
101009073 2.906493e-10
101009074 -2.253549e-09
101009075 -3.348039e-09
101009076 -2.937290e-09
101009077 -2.447451e-09
101009078 -2.713219e-09
101009079 -2.615118e-09
101010080 3.354732e-10
101010081 1.582994e-10
101010082 5.899610e-10
101010083 1.482800e-10
101010084 -9.141694e-10
101010085 -9.168130e-10
101010086 -1.329379e-09
101010087 -9.664810e-10
101011088 -1.132662e-09
101011089 -1.201784e-09
101011090 -6.892098e-10
101011091 -9.797769e-10
101011092 -1.077882e-09
101011093 -1.574801e-09
101011094 7.074907e-10
101011095 -1.350238e-10
103000000 -5.201088e-27
103000001 -6.242210e-27
103000002 1.969742e-11
103000003 -9.087530e-11
103000004 2.914737e-09
103000005 3.596247e-09
103000006 2.732583e-09
103000007 3.213414e-09
103001008 1.484083e-09
103001009 1.692907e-09
103001010 2.059856e-09
103001011 1.484272e-09
103001012 1.073772e-09
103001013 1.485784e-09
103001014 2.997767e-09
103001015 2.893057e-09
103002016 2.494872e-09
103002017 2.017481e-09
103002018 2.968555e-09
103002019 3.663968e-09
103002020 -3.782135e-09
103002021 -3.494004e-09
103002022 -4.446251e-10
103002023 -5.429218e-12
103003024 2.070034e-10
103003025 1.474760e-10
103003026 2.932757e-09
103003027 3.231137e-09
103003028 3.650610e-09
103003029 3.057248e-09
103003030 2.567456e-09
103003031 3.010040e-09
103004032 1.728752e-09
103004033 1.797561e-09
103004034 6.156808e-10
103004035 5.193289e-10
103004036 5.138220e-10
103004037 3.264156e-10
103004038 5.510141e-09
103004039 5.668769e-09
103005040 4.267036e-10
103005041 3.428826e-10
103005042 2.138202e-09
103005043 1.855547e-09
103005044 1.617392e-09
103005045 1.023943e-09
103005046 4.190291e-09
103005047 3.866991e-09
103006048 -6.620460e-10
103006049 -6.050714e-10
103006050 -7.170021e-10
103006051 -9.838792e-10
103006052 4.007321e-09
103006053 4.045115e-09
103006054 6.917403e-09
103006055 6.923314e-09
103007056 1.666661e-09
103007057 1.550858e-09
103007058 1.078947e-09
103007059 7.420660e-10
103007060 5.525979e-09
103007061 5.235813e-09
103007062 6.338345e-09
103007063 5.203677e-09
103008064 1.513067e-09
103008065 1.191822e-09
103008066 1.321745e-09
103008067 1.344440e-09
103008068 1.806687e-09
103008069 1.684865e-09
103008070 1.722257e-09
103008071 1.560236e-09
103009072 3.758290e-09
103009073 2.299206e-09
103009074 3.235502e-09
103009075 2.304302e-09
103009076 2.424856e-10
103009077 3.879635e-10
103009078 2.310887e-11
103009079 -8.147921e-10
103010080 2.906831e-10
103010081 3.457341e-10
103010082 2.686558e-09
103010083 3.324010e-09
103010084 3.122654e-09
103010085 2.663057e-09
103010086 1.655533e-09
103010087 1.280220e-09
103011088 1.382575e-09
103011089 1.558889e-09
103011090 1.802380e-09
103011091 1.073162e-09
103011092 1.535067e-09
103011093 1.814635e-09
103011094 3.187586e-09
103011095 3.978828e-09
201000000 0.000000e+00
201000001 0.000000e+00
201000002 0.000000e+00
201000003 0.000000e+00
201000004 0.000000e+00
201000005 0.000000e+00
201000006 0.000000e+00
201000007 0.000000e+00
201001008 0.000000e+00
201001009 0.000000e+00
201001010 0.000000e+00
201001011 0.000000e+00
201001012 0.000000e+00
201001013 0.000000e+00
201001014 0.000000e+00
201001015 0.000000e+00
201002016 0.000000e+00
201002017 0.000000e+00
201002018 0.000000e+00
201002019 0.000000e+00
201002020 0.000000e+00
201002021 0.000000e+00
201002022 0.000000e+00
201002023 0.000000e+00
201003024 0.000000e+00
201003025 0.000000e+00
201003026 0.000000e+00
201003027 0.000000e+00
201003028 0.000000e+00
201003029 0.000000e+00
201003030 0.000000e+00
201003031 0.000000e+00
201004032 0.000000e+00
201004033 0.000000e+00
201004034 0.000000e+00
201004035 0.000000e+00
201004036 0.000000e+00
201004037 0.000000e+00
201004038 0.000000e+00
201004039 0.000000e+00
201005040 0.000000e+00
201005041 0.000000e+00
201005042 0.000000e+00
201005043 0.000000e+00
201005044 0.000000e+00
201005045 0.000000e+00
201005046 0.000000e+00
201005047 0.000000e+00
201006048 0.000000e+00
201006049 0.000000e+00
201006050 0.000000e+00
201006051 0.000000e+00
201006052 0.000000e+00
201006053 0.000000e+00
201006054 0.000000e+00
201006055 0.000000e+00
201007056 0.000000e+00
201007057 0.000000e+00
201007058 0.000000e+00
201007059 0.000000e+00
201007060 0.000000e+00
201007061 0.000000e+00
201007062 0.000000e+00
201007063 0.000000e+00
201008064 0.000000e+00
201008065 0.000000e+00
201008066 0.000000e+00
201008067 0.000000e+00
201008068 0.000000e+00
201008069 0.000000e+00
201008070 0.000000e+00
201008071 0.000000e+00
201009072 0.000000e+00
201009073 0.000000e+00
201009074 0.000000e+00
201009075 0.000000e+00
201009076 0.000000e+00
201009077 0.000000e+00
201009078 0.000000e+00
201009079 0.000000e+00
201010080 0.000000e+00
201010081 0.000000e+00
201010082 0.000000e+00
201010083 0.000000e+00
201010084 0.000000e+00
201010085 0.000000e+00
201010086 0.000000e+00
201010087 0.000000e+00
201011088 0.000000e+00
201011089 0.000000e+00
201011090 0.000000e+00
201011091 0.000000e+00
201011092 0.000000e+00
201011093 0.000000e+00
201011094 0.000000e+00
201011095 0.000000e+00
301000000 0.000000e+00
301000001 0.000000e+00
301000002 0.000000e+00
301000003 0.000000e+00
301000004 0.000000e+00
301000005 0.000000e+00
301000006 0.000000e+00
301000007 0.000000e+00
301001008 0.000000e+00
301001009 0.000000e+00
301001010 0.000000e+00
301001011 0.000000e+00
301001012 0.000000e+00
301001013 0.000000e+00
301001014 0.000000e+00
301001015 0.000000e+00
301002016 0.000000e+00
301002017 0.000000e+00
301002018 0.000000e+00
301002019 0.000000e+00
301002020 0.000000e+00
301002021 0.000000e+00
301002022 0.000000e+00
301002023 0.000000e+00
301003024 0.000000e+00
301003025 0.000000e+00
301003026 0.000000e+00
301003027 0.000000e+00
301003028 0.000000e+00
301003029 0.000000e+00
301003030 0.000000e+00
301003031 0.000000e+00
301004032 0.000000e+00
301004033 0.000000e+00
301004034 0.000000e+00
301004035 0.000000e+00
301004036 0.000000e+00
301004037 0.000000e+00
301004038 0.000000e+00
301004039 0.000000e+00
301005040 0.000000e+00
301005041 0.000000e+00
301005042 0.000000e+00
301005043 0.000000e+00
301005044 0.000000e+00
301005045 0.000000e+00
301005046 0.000000e+00
301005047 0.000000e+00
301006048 0.000000e+00
301006049 0.000000e+00
301006050 0.000000e+00
301006051 0.000000e+00
301006052 0.000000e+00
301006053 0.000000e+00
301006054 0.000000e+00
301006055 0.000000e+00
301007056 0.000000e+00
301007057 0.000000e+00
301007058 0.000000e+00
301007059 0.000000e+00
301007060 0.000000e+00
301007061 0.000000e+00
301007062 0.000000e+00
301007063 0.000000e+00
301008064 0.000000e+00
301008065 0.000000e+00
301008066 0.000000e+00
301008067 0.000000e+00
301008068 0.000000e+00
301008069 0.000000e+00
301008070 0.000000e+00
301008071 0.000000e+00
301009072 0.000000e+00
301009073 0.000000e+00
301009074 0.000000e+00
301009075 0.000000e+00
301009076 0.000000e+00
301009077 0.000000e+00
301009078 0.000000e+00
301009079 0.000000e+00
301010080 0.000000e+00
301010081 0.000000e+00
301010082 0.000000e+00
301010083 0.000000e+00
301010084 0.000000e+00
301010085 0.000000e+00
301010086 0.000000e+00
301010087 0.000000e+00
301011088 0.000000e+00
301011089 0.000000e+00
301011090 0.000000e+00
301011091 0.000000e+00
301011092 0.000000e+00
301011093 0.000000e+00
301011094 0.000000e+00
301011095 0.000000e+00
302000000 0.000000e+00
302000001 0.000000e+00
302000002 0.000000e+00
302000003 0.000000e+00
302000004 0.000000e+00
302000005 0.000000e+00
302000006 0.000000e+00
302000007 0.000000e+00
302001008 0.000000e+00
302001009 0.000000e+00
302001010 0.000000e+00
302001011 0.000000e+00
302001012 0.000000e+00
302001013 0.000000e+00
302001014 0.000000e+00
302001015 0.000000e+00
302002016 0.000000e+00
302002017 0.000000e+00
302002018 0.000000e+00
302002019 0.000000e+00
302002020 0.000000e+00
302002021 0.000000e+00
302002022 0.000000e+00
302002023 0.000000e+00
302003024 0.000000e+00
302003025 0.000000e+00
302003026 0.000000e+00
302003027 0.000000e+00
302003028 0.000000e+00
302003029 0.000000e+00
302003030 0.000000e+00
302003031 0.000000e+00
302004032 0.000000e+00
302004033 0.000000e+00
302004034 0.000000e+00
302004035 0.000000e+00
302004036 0.000000e+00
302004037 0.000000e+00
302004038 0.000000e+00
302004039 0.000000e+00
302005040 0.000000e+00
302005041 0.000000e+00
302005042 0.000000e+00
302005043 0.000000e+00
302005044 0.000000e+00
302005045 0.000000e+00
302005046 0.000000e+00
302005047 0.000000e+00
302006048 0.000000e+00
302006049 0.000000e+00
302006050 0.000000e+00
302006051 0.000000e+00
302006052 0.000000e+00
302006053 0.000000e+00
302006054 0.000000e+00
302006055 0.000000e+00
302007056 0.000000e+00
302007057 0.000000e+00
302007058 0.000000e+00
302007059 0.000000e+00
302007060 0.000000e+00
302007061 0.000000e+00
302007062 0.000000e+00
302007063 0.000000e+00
302008064 0.000000e+00
302008065 0.000000e+00
302008066 0.000000e+00
302008067 0.000000e+00
302008068 0.000000e+00
302008069 0.000000e+00
302008070 0.000000e+00
302008071 0.000000e+00
302009072 0.000000e+00
302009073 0.000000e+00
302009074 0.000000e+00
302009075 0.000000e+00
302009076 0.000000e+00
302009077 0.000000e+00
302009078 0.000000e+00
302009079 0.000000e+00
302010080 0.000000e+00
302010081 0.000000e+00
302010082 0.000000e+00
302010083 0.000000e+00
302010084 0.000000e+00
302010085 0.000000e+00
302010086 0.000000e+00
302010087 0.000000e+00
302011088 0.000000e+00
302011089 0.000000e+00
302011090 0.000000e+00
302011091 0.000000e+00
302011092 0.000000e+00
302011093 0.000000e+00
302011094 0.000000e+00
302011095 0.000000e+00
401000000 0.000000e+00
401000001 0.000000e+00
401000002 0.000000e+00
401000003 0.000000e+00
401000004 0.000000e+00
401000005 0.000000e+00
401000006 0.000000e+00
401000007 0.000000e+00
401001008 0.000000e+00
401001009 0.000000e+00
401001010 0.000000e+00
401001011 0.000000e+00
401001012 0.000000e+00
401001013 0.000000e+00
401001014 0.000000e+00
401001015 0.000000e+00
401002016 0.000000e+00
401002017 0.000000e+00
401002018 0.000000e+00
401002019 0.000000e+00
401002020 0.000000e+00
401002021 0.000000e+00
401002022 0.000000e+00
401002023 0.000000e+00
401003024 0.000000e+00
401003025 0.000000e+00
401003026 0.000000e+00
401003027 0.000000e+00
401003028 0.000000e+00
401003029 0.000000e+00
401003030 0.000000e+00
401003031 0.000000e+00
401004032 0.000000e+00
401004033 0.000000e+00
401004034 0.000000e+00
401004035 0.000000e+00
401004036 0.000000e+00
401004037 0.000000e+00
401004038 0.000000e+00
401004039 0.000000e+00
401005040 0.000000e+00
401005041 0.000000e+00
401005042 0.000000e+00
401005043 0.000000e+00
401005044 0.000000e+00
401005045 0.000000e+00
401005046 0.000000e+00
401005047 0.000000e+00
401006048 0.000000e+00
401006049 0.000000e+00
401006050 0.000000e+00
401006051 0.000000e+00
401006052 0.000000e+00
401006053 0.000000e+00
401006054 0.000000e+00
401006055 0.000000e+00
401007056 0.000000e+00
401007057 0.000000e+00
401007058 0.000000e+00
401007059 0.000000e+00
401007060 0.000000e+00
401007061 0.000000e+00
401007062 0.000000e+00
401007063 0.000000e+00
401008064 0.000000e+00
401008065 0.000000e+00
401008066 0.000000e+00
401008067 0.000000e+00
401008068 0.000000e+00
401008069 0.000000e+00
401008070 0.000000e+00
401008071 0.000000e+00
401009072 0.000000e+00
401009073 0.000000e+00
401009074 0.000000e+00
401009075 0.000000e+00
401009076 0.000000e+00
401009077 0.000000e+00
401009078 0.000000e+00
401009079 0.000000e+00
401010080 0.000000e+00
401010081 0.000000e+00
401010082 0.000000e+00
401010083 0.000000e+00
401010084 0.000000e+00
401010085 0.000000e+00
401010086 0.000000e+00
401010087 0.000000e+00
401011088 0.000000e+00
401011089 0.000000e+00
401011090 0.000000e+00
401011091 0.000000e+00
401011092 0.000000e+00
401011093 0.000000e+00
401011094 0.000000e+00
401011095 0.000000e+00
501000000 0.000000e+00
501000001 0.000000e+00
501000002 0.000000e+00
501000003 0.000000e+00
501000004 0.000000e+00
501000005 0.000000e+00
501000006 0.000000e+00
501000007 0.000000e+00
501001008 0.000000e+00
501001009 0.000000e+00
501001010 0.000000e+00
501001011 0.000000e+00
501001012 0.000000e+00
501001013 0.000000e+00
501001014 0.000000e+00
501001015 0.000000e+00
501002016 0.000000e+00
501002017 0.000000e+00
501002018 0.000000e+00
501002019 0.000000e+00
501002020 0.000000e+00
501002021 0.000000e+00
501002022 0.000000e+00
501002023 0.000000e+00
501003024 0.000000e+00
501003025 0.000000e+00
501003026 0.000000e+00
501003027 0.000000e+00
501003028 0.000000e+00
501003029 0.000000e+00
501003030 0.000000e+00
501003031 0.000000e+00
501004032 0.000000e+00
501004033 0.000000e+00
501004034 0.000000e+00
501004035 0.000000e+00
501004036 0.000000e+00
501004037 0.000000e+00
501004038 0.000000e+00
501004039 0.000000e+00
501005040 0.000000e+00
501005041 0.000000e+00
501005042 0.000000e+00
501005043 0.000000e+00
501005044 0.000000e+00
501005045 0.000000e+00
501005046 0.000000e+00
501005047 0.000000e+00
501006048 0.000000e+00
501006049 0.000000e+00
501006050 0.000000e+00
501006051 0.000000e+00
501006052 0.000000e+00
501006053 0.000000e+00
501006054 0.000000e+00
501006055 0.000000e+00
501007056 0.000000e+00
501007057 0.000000e+00
501007058 0.000000e+00
501007059 0.000000e+00
501007060 0.000000e+00
501007061 0.000000e+00
501007062 0.000000e+00
501007063 0.000000e+00
501008064 0.000000e+00
501008065 0.000000e+00
501008066 0.000000e+00
501008067 0.000000e+00
501008068 0.000000e+00
501008069 0.000000e+00
501008070 0.000000e+00
501008071 0.000000e+00
501009072 0.000000e+00
501009073 0.000000e+00
501009074 0.000000e+00
501009075 0.000000e+00
501009076 0.000000e+00
501009077 0.000000e+00
501009078 0.000000e+00
501009079 0.000000e+00
501010080 0.000000e+00
501010081 0.000000e+00
501010082 0.000000e+00
501010083 0.000000e+00
501010084 0.000000e+00
501010085 0.000000e+00
501010086 0.000000e+00
501010087 0.000000e+00
501011088 0.000000e+00
501011089 0.000000e+00
501011090 0.000000e+00
501011091 0.000000e+00
501011092 0.000000e+00
501011093 0.000000e+00
501011094 0.000000e+00
501011095 0.000000e+00
106000000 1.217549e-27
106000001 2.600117e-27
106000002 1.379274e-10
106000003 1.784448e-10
106000004 -9.597112e-10
106000005 -1.203849e-09
106000006 -1.318790e-09
106000007 -1.545741e-09
106001008 -1.720847e-09
106001009 -1.312923e-09
106001010 -1.012050e-09
106001011 -1.229244e-09
106001012 -6.248870e-09
106001013 -5.545301e-09
106001014 -6.004656e-09
106001015 -6.035806e-09
106002016 4.751413e-10
106002017 -1.362917e-10
106002018 -2.642240e-09
106002019 -2.633954e-09
106002020 9.108647e-11
106002021 3.336183e-10
106002022 -3.515943e-11
106002023 -1.503011e-10
106003024 -5.799497e-11
106003025 -2.571140e-10
106003026 -3.986098e-11
106003027 5.354320e-11
106003028 -1.000261e-09
106003029 -9.811685e-10
106003030 -1.398648e-09
106003031 -1.272931e-09
106004032 -1.584991e-09
106004033 -1.029246e-09
106004034 -1.647268e-09
106004035 -1.040195e-09
106004036 -1.019043e-09
106004037 -1.048501e-09
106004038 -6.019447e-09
106004039 -6.552790e-09
106005040 -6.349050e-09
106005041 -6.120884e-09
106005042 -6.170098e-09
106005043 -6.291708e-09
106005044 0.000000e+00
106005045 0.000000e+00
106005046 -2.802712e-09
106005047 -2.490764e-09
106006048 -2.919759e-09
106006049 -2.702255e-09
106006050 1.371876e-10
106006051 -1.679129e-10
106006052 1.506511e-10
106006053 -6.250555e-09
106006054 4.559886e-11
106006055 -1.078381e-10
106007056 -1.414971e-09
106007057 -1.254264e-09
106007058 -1.469257e-09
106007059 -1.023408e-09
106007060 -1.721546e-09
106007061 -1.276315e-09
106007062 -1.538141e-09
106007063 -1.386740e-09
106008064 0.000000e+00
106008065 0.000000e+00
106008066 -6.184524e-09
106008067 -5.923014e-09
106008068 -6.021800e-09
106008069 -6.037522e-09
106008070 -5.765484e-09
106008071 -5.902979e-09
106009072 -2.889848e-09
106009073 -3.401155e-09
106009074 -2.866266e-09
106009075 -3.353530e-09
106009076 -3.087593e-09
106009077 -2.392636e-09
106009078 -2.626470e-09
106009079 -2.308377e-09
106010080 -6.675240e-09
106010081 -1.284125e-10
106010082 -1.683842e-09
106010083 -1.204504e-09
106010084 -1.248571e-09
106010085 -1.257268e-09
106010086 -1.387988e-09
106010087 -1.657003e-09
106011088 -8.790877e-10
106011089 -1.230113e-09
106011090 -6.096321e-09
106011091 -6.154810e-09
106011092 -5.714231e-09
106011093 -6.197459e-09
106011094 -2.515436e-09
106011095 -2.651195e-09
205000000 0.000000e+00
205000001 0.000000e+00
205000002 0.000000e+00
205000003 0.000000e+00
205000004 0.000000e+00
205000005 0.000000e+00
205000006 0.000000e+00
205000007 0.000000e+00
205001008 0.000000e+00
205001009 0.000000e+00
205001010 0.000000e+00
205001011 0.000000e+00
205001012 0.000000e+00
205001013 0.000000e+00
205001014 0.000000e+00
205001015 0.000000e+00
205002016 0.000000e+00
205002017 0.000000e+00
205002018 0.000000e+00
205002019 0.000000e+00
205002020 0.000000e+00
205002021 0.000000e+00
205002022 0.000000e+00
205002023 0.000000e+00
205003024 0.000000e+00
205003025 0.000000e+00
205003026 0.000000e+00
205003027 0.000000e+00
205003028 0.000000e+00
205003029 0.000000e+00
205003030 0.000000e+00
205003031 0.000000e+00
205004032 0.000000e+00
205004033 0.000000e+00
205004034 0.000000e+00
205004035 0.000000e+00
205004036 0.000000e+00
205004037 0.000000e+00
205004038 0.000000e+00
205004039 0.000000e+00
205005040 0.000000e+00
205005041 0.000000e+00
205005042 0.000000e+00
205005043 0.000000e+00
205005044 0.000000e+00
205005045 0.000000e+00
205005046 0.000000e+00
205005047 0.000000e+00
205006048 0.000000e+00
205006049 0.000000e+00
205006050 0.000000e+00
205006051 0.000000e+00
205006052 0.000000e+00
205006053 0.000000e+00
205006054 0.000000e+00
205006055 0.000000e+00
205007056 0.000000e+00
205007057 0.000000e+00
205007058 0.000000e+00
205007059 0.000000e+00
205007060 0.000000e+00
205007061 0.000000e+00
205007062 0.000000e+00
205007063 0.000000e+00
205008064 0.000000e+00
205008065 0.000000e+00
205008066 0.000000e+00
205008067 0.000000e+00
205008068 0.000000e+00
205008069 0.000000e+00
205008070 0.000000e+00
205008071 0.000000e+00
205009072 0.000000e+00
205009073 0.000000e+00
205009074 0.000000e+00
205009075 0.000000e+00
205009076 0.000000e+00
205009077 0.000000e+00
205009078 0.000000e+00
205009079 0.000000e+00
205010080 0.000000e+00
205010081 0.000000e+00
205010082 0.000000e+00
205010083 0.000000e+00
205010084 0.000000e+00
205010085 0.000000e+00
205010086 0.000000e+00
205010087 0.000000e+00
205011088 0.000000e+00
205011089 0.000000e+00
205011090 0.000000e+00
205011091 0.000000e+00
205011092 0.000000e+00
205011093 0.000000e+00
205011094 0.000000e+00
205011095 0.000000e+00
208000000 0.000000e+00
208000001 0.000000e+00
208000002 0.000000e+00
208000003 0.000000e+00
208000004 0.000000e+00
208000005 0.000000e+00
208000006 0.000000e+00
208000007 0.000000e+00
208001008 0.000000e+00
208001009 0.000000e+00
208001010 0.000000e+00
208001011 0.000000e+00
208001012 0.000000e+00
208001013 0.000000e+00
208001014 0.000000e+00
208001015 0.000000e+00
208002016 0.000000e+00
208002017 0.000000e+00
208002018 0.000000e+00
208002019 0.000000e+00
208002020 0.000000e+00
208002021 0.000000e+00
208002022 0.000000e+00
208002023 0.000000e+00
208003024 0.000000e+00
208003025 0.000000e+00
208003026 0.000000e+00
208003027 0.000000e+00
208003028 0.000000e+00
208003029 0.000000e+00
208003030 0.000000e+00
208003031 0.000000e+00
208004032 0.000000e+00
208004033 0.000000e+00
208004034 0.000000e+00
208004035 0.000000e+00
208004036 0.000000e+00
208004037 0.000000e+00
208004038 0.000000e+00
208004039 0.000000e+00
208005040 0.000000e+00
208005041 0.000000e+00
208005042 0.000000e+00
208005043 0.000000e+00
208005044 0.000000e+00
208005045 0.000000e+00
208005046 0.000000e+00
208005047 0.000000e+00
208006048 0.000000e+00
208006049 0.000000e+00
208006050 0.000000e+00
208006051 0.000000e+00
208006052 0.000000e+00
208006053 0.000000e+00
208006054 0.000000e+00
208006055 0.000000e+00
208007056 0.000000e+00
208007057 0.000000e+00
208007058 0.000000e+00
208007059 0.000000e+00
208007060 0.000000e+00
208007061 0.000000e+00
208007062 0.000000e+00
208007063 0.000000e+00
208008064 0.000000e+00
208008065 0.000000e+00
208008066 0.000000e+00
208008067 0.000000e+00
208008068 0.000000e+00
208008069 0.000000e+00
208008070 0.000000e+00
208008071 0.000000e+00
208009072 0.000000e+00
208009073 0.000000e+00
208009074 0.000000e+00
208009075 0.000000e+00
208009076 0.000000e+00
208009077 0.000000e+00
208009078 0.000000e+00
208009079 0.000000e+00
208010080 0.000000e+00
208010081 0.000000e+00
208010082 0.000000e+00
208010083 0.000000e+00
208010084 0.000000e+00
208010085 0.000000e+00
208010086 0.000000e+00
208010087 0.000000e+00
208011088 0.000000e+00
208011089 0.000000e+00
208011090 0.000000e+00
208011091 0.000000e+00
208011092 0.000000e+00
208011093 0.000000e+00
208011094 0.000000e+00
208011095 0.000000e+00
306000000 0.000000e+00
306000001 0.000000e+00
306000002 0.000000e+00
306000003 0.000000e+00
306000004 0.000000e+00
306000005 0.000000e+00
306000006 0.000000e+00
306000007 0.000000e+00
306001008 0.000000e+00
306001009 0.000000e+00
306001010 0.000000e+00
306001011 0.000000e+00
306001012 0.000000e+00
306001013 0.000000e+00
306001014 0.000000e+00
306001015 0.000000e+00
306002016 0.000000e+00
306002017 0.000000e+00
306002018 0.000000e+00
306002019 0.000000e+00
306002020 0.000000e+00
306002021 0.000000e+00
306002022 0.000000e+00
306002023 0.000000e+00
306003024 0.000000e+00
306003025 0.000000e+00
306003026 0.000000e+00
306003027 0.000000e+00
306003028 0.000000e+00
306003029 0.000000e+00
306003030 0.000000e+00
306003031 0.000000e+00
306004032 0.000000e+00
306004033 0.000000e+00
306004034 0.000000e+00
306004035 0.000000e+00
306004036 0.000000e+00
306004037 0.000000e+00
306004038 0.000000e+00
306004039 0.000000e+00
306005040 0.000000e+00
306005041 0.000000e+00
306005042 0.000000e+00
306005043 0.000000e+00
306005044 0.000000e+00
306005045 0.000000e+00
306005046 0.000000e+00
306005047 0.000000e+00
306006048 0.000000e+00
306006049 0.000000e+00
306006050 0.000000e+00
306006051 0.000000e+00
306006052 0.000000e+00
306006053 0.000000e+00
306006054 0.000000e+00
306006055 0.000000e+00
306007056 0.000000e+00
306007057 0.000000e+00
306007058 0.000000e+00
306007059 0.000000e+00
306007060 0.000000e+00
306007061 0.000000e+00
306007062 0.000000e+00
306007063 0.000000e+00
306008064 0.000000e+00
306008065 0.000000e+00
306008066 0.000000e+00
306008067 0.000000e+00
306008068 0.000000e+00
306008069 0.000000e+00
306008070 0.000000e+00
306008071 0.000000e+00
306009072 0.000000e+00
306009073 0.000000e+00
306009074 0.000000e+00
306009075 0.000000e+00
306009076 0.000000e+00
306009077 0.000000e+00
306009078 0.000000e+00
306009079 0.000000e+00
306010080 0.000000e+00
306010081 0.000000e+00
306010082 0.000000e+00
306010083 0.000000e+00
306010084 0.000000e+00
306010085 0.000000e+00
306010086 0.000000e+00
306010087 0.000000e+00
306011088 0.000000e+00
306011089 0.000000e+00
306011090 0.000000e+00
306011091 0.000000e+00
306011092 0.000000e+00
306011093 0.000000e+00
306011094 0.000000e+00
306011095 0.000000e+00
307000000 0.000000e+00
307000001 0.000000e+00
307000002 0.000000e+00
307000003 0.000000e+00
307000004 0.000000e+00
307000005 0.000000e+00
307000006 0.000000e+00
307000007 0.000000e+00
307001008 0.000000e+00
307001009 0.000000e+00
307001010 0.000000e+00
307001011 0.000000e+00
307001012 0.000000e+00
307001013 0.000000e+00
307001014 0.000000e+00
307001015 0.000000e+00
307002016 0.000000e+00
307002017 0.000000e+00
307002018 0.000000e+00
307002019 0.000000e+00
307002020 0.000000e+00
307002021 0.000000e+00
307002022 0.000000e+00
307002023 0.000000e+00
307003024 0.000000e+00
307003025 0.000000e+00
307003026 0.000000e+00
307003027 0.000000e+00
307003028 0.000000e+00
307003029 0.000000e+00
307003030 0.000000e+00
307003031 0.000000e+00
307004032 0.000000e+00
307004033 0.000000e+00
307004034 0.000000e+00
307004035 0.000000e+00
307004036 0.000000e+00
307004037 0.000000e+00
307004038 0.000000e+00
307004039 0.000000e+00
307005040 0.000000e+00
307005041 0.000000e+00
307005042 0.000000e+00
307005043 0.000000e+00
307005044 0.000000e+00
307005045 0.000000e+00
307005046 0.000000e+00
307005047 0.000000e+00
307006048 0.000000e+00
307006049 0.000000e+00
307006050 0.000000e+00
307006051 0.000000e+00
307006052 0.000000e+00
307006053 0.000000e+00
307006054 0.000000e+00
307006055 0.000000e+00
307007056 0.000000e+00
307007057 0.000000e+00
307007058 0.000000e+00
307007059 0.000000e+00
307007060 0.000000e+00
307007061 0.000000e+00
307007062 0.000000e+00
307007063 0.000000e+00
307008064 0.000000e+00
307008065 0.000000e+00
307008066 0.000000e+00
307008067 0.000000e+00
307008068 0.000000e+00
307008069 0.000000e+00
307008070 0.000000e+00
307008071 0.000000e+00
307009072 0.000000e+00
307009073 0.000000e+00
307009074 0.000000e+00
307009075 0.000000e+00
307009076 0.000000e+00
307009077 0.000000e+00
307009078 0.000000e+00
307009079 0.000000e+00
307010080 0.000000e+00
307010081 0.000000e+00
307010082 0.000000e+00
307010083 0.000000e+00
307010084 0.000000e+00
307010085 0.000000e+00
307010086 0.000000e+00
307010087 0.000000e+00
307011088 0.000000e+00
307011089 0.000000e+00
307011090 0.000000e+00
307011091 0.000000e+00
307011092 0.000000e+00
307011093 0.000000e+00
307011094 0.000000e+00
307011095 0.000000e+00
406000000 0.000000e+00
406000001 0.000000e+00
406000002 0.000000e+00
406000003 0.000000e+00
406000004 0.000000e+00
406000005 0.000000e+00
406000006 0.000000e+00
406000007 0.000000e+00
406001008 0.000000e+00
406001009 0.000000e+00
406001010 0.000000e+00
406001011 0.000000e+00
406001012 0.000000e+00
406001013 0.000000e+00
406001014 0.000000e+00
406001015 0.000000e+00
406002016 0.000000e+00
406002017 0.000000e+00
406002018 0.000000e+00
406002019 0.000000e+00
406002020 0.000000e+00
406002021 0.000000e+00
406002022 0.000000e+00
406002023 0.000000e+00
406003024 0.000000e+00
406003025 0.000000e+00
406003026 0.000000e+00
406003027 0.000000e+00
406003028 0.000000e+00
406003029 0.000000e+00
406003030 0.000000e+00
406003031 0.000000e+00
406004032 0.000000e+00
406004033 0.000000e+00
406004034 0.000000e+00
406004035 0.000000e+00
406004036 0.000000e+00
406004037 0.000000e+00
406004038 0.000000e+00
406004039 0.000000e+00
406005040 0.000000e+00
406005041 0.000000e+00
406005042 0.000000e+00
406005043 0.000000e+00
406005044 0.000000e+00
406005045 0.000000e+00
406005046 0.000000e+00
406005047 0.000000e+00
406006048 0.000000e+00
406006049 0.000000e+00
406006050 0.000000e+00
406006051 0.000000e+00
406006052 0.000000e+00
406006053 0.000000e+00
406006054 0.000000e+00
406006055 0.000000e+00
406007056 0.000000e+00
406007057 0.000000e+00
406007058 0.000000e+00
406007059 0.000000e+00
406007060 0.000000e+00
406007061 0.000000e+00
406007062 0.000000e+00
406007063 0.000000e+00
406008064 0.000000e+00
406008065 0.000000e+00
406008066 0.000000e+00
406008067 0.000000e+00
406008068 0.000000e+00
406008069 0.000000e+00
406008070 0.000000e+00
406008071 0.000000e+00
406009072 0.000000e+00
406009073 0.000000e+00
406009074 0.000000e+00
406009075 0.000000e+00
406009076 0.000000e+00
406009077 0.000000e+00
406009078 0.000000e+00
406009079 0.000000e+00
406010080 0.000000e+00
406010081 0.000000e+00
406010082 0.000000e+00
406010083 0.000000e+00
406010084 0.000000e+00
406010085 0.000000e+00
406010086 0.000000e+00
406010087 0.000000e+00
406011088 0.000000e+00
406011089 0.000000e+00
406011090 0.000000e+00
406011091 0.000000e+00
406011092 0.000000e+00
406011093 0.000000e+00
406011094 0.000000e+00
406011095 0.000000e+00
503000000 0.000000e+00
503000001 0.000000e+00
503000002 0.000000e+00
503000003 0.000000e+00
503000004 0.000000e+00
503000005 0.000000e+00
503000006 0.000000e+00
503000007 0.000000e+00
503001008 0.000000e+00
503001009 0.000000e+00
503001010 0.000000e+00
503001011 0.000000e+00
503001012 0.000000e+00
503001013 0.000000e+00
503001014 0.000000e+00
503001015 0.000000e+00
503002016 0.000000e+00
503002017 0.000000e+00
503002018 0.000000e+00
503002019 0.000000e+00
503002020 0.000000e+00
503002021 0.000000e+00
503002022 0.000000e+00
503002023 0.000000e+00
503003024 0.000000e+00
503003025 0.000000e+00
503003026 0.000000e+00
503003027 0.000000e+00
503003028 0.000000e+00
503003029 0.000000e+00
503003030 0.000000e+00
503003031 0.000000e+00
503004032 0.000000e+00
503004033 0.000000e+00
503004034 0.000000e+00
503004035 0.000000e+00
503004036 0.000000e+00
503004037 0.000000e+00
503004038 0.000000e+00
503004039 0.000000e+00
503005040 0.000000e+00
503005041 0.000000e+00
503005042 0.000000e+00
503005043 0.000000e+00
503005044 0.000000e+00
503005045 0.000000e+00
503005046 0.000000e+00
503005047 0.000000e+00
503006048 0.000000e+00
503006049 0.000000e+00
503006050 0.000000e+00
503006051 0.000000e+00
503006052 0.000000e+00
503006053 0.000000e+00
503006054 0.000000e+00
503006055 0.000000e+00
503007056 0.000000e+00
503007057 0.000000e+00
503007058 0.000000e+00
503007059 0.000000e+00
503007060 0.000000e+00
503007061 0.000000e+00
503007062 0.000000e+00
503007063 0.000000e+00
503008064 0.000000e+00
503008065 0.000000e+00
503008066 0.000000e+00
503008067 0.000000e+00
503008068 0.000000e+00
503008069 0.000000e+00
503008070 0.000000e+00
503008071 0.000000e+00
503009072 0.000000e+00
503009073 0.000000e+00
503009074 0.000000e+00
503009075 0.000000e+00
503009076 0.000000e+00
503009077 0.000000e+00
503009078 0.000000e+00
503009079 0.000000e+00
503010080 0.000000e+00
503010081 0.000000e+00
503010082 0.000000e+00
503010083 0.000000e+00
503010084 0.000000e+00
503010085 0.000000e+00
503010086 0.000000e+00
503010087 0.000000e+00
503011088 0.000000e+00
503011089 0.000000e+00
503011090 0.000000e+00
503011091 0.000000e+00
503011092 0.000000e+00
503011093 0.000000e+00
503011094 0.000000e+00
503011095 0.000000e+00
509000000 0.000000e+00
509000001 0.000000e+00
509000002 0.000000e+00
509000003 0.000000e+00
509000004 0.000000e+00
509000005 0.000000e+00
509000006 0.000000e+00
509000007 0.000000e+00
509001008 0.000000e+00
509001009 0.000000e+00
509001010 0.000000e+00
509001011 0.000000e+00
509001012 0.000000e+00
509001013 0.000000e+00
509001014 0.000000e+00
509001015 0.000000e+00
509002016 0.000000e+00
509002017 0.000000e+00
509002018 0.000000e+00
509002019 0.000000e+00
509002020 0.000000e+00
509002021 0.000000e+00
509002022 0.000000e+00
509002023 0.000000e+00
509003024 0.000000e+00
509003025 0.000000e+00
509003026 0.000000e+00
509003027 0.000000e+00
509003028 0.000000e+00
509003029 0.000000e+00
509003030 0.000000e+00
509003031 0.000000e+00
509004032 0.000000e+00
509004033 0.000000e+00
509004034 0.000000e+00
509004035 0.000000e+00
509004036 0.000000e+00
509004037 0.000000e+00
509004038 0.000000e+00
509004039 0.000000e+00
509005040 0.000000e+00
509005041 0.000000e+00
509005042 0.000000e+00
509005043 0.000000e+00
509005044 0.000000e+00
509005045 0.000000e+00
509005046 0.000000e+00
509005047 0.000000e+00
509006048 0.000000e+00
509006049 0.000000e+00
509006050 0.000000e+00
509006051 0.000000e+00
509006052 0.000000e+00
509006053 0.000000e+00
509006054 0.000000e+00
509006055 0.000000e+00
509007056 0.000000e+00
509007057 0.000000e+00
509007058 0.000000e+00
509007059 0.000000e+00
509007060 0.000000e+00
509007061 0.000000e+00
509007062 0.000000e+00
509007063 0.000000e+00
509008064 0.000000e+00
509008065 0.000000e+00
509008066 0.000000e+00
509008067 0.000000e+00
509008068 0.000000e+00
509008069 0.000000e+00
509008070 0.000000e+00
509008071 0.000000e+00
509009072 0.000000e+00
509009073 0.000000e+00
509009074 0.000000e+00
509009075 0.000000e+00
509009076 0.000000e+00
509009077 0.000000e+00
509009078 0.000000e+00
509009079 0.000000e+00
509010080 0.000000e+00
509010081 0.000000e+00
509010082 0.000000e+00
509010083 0.000000e+00
509010084 0.000000e+00
509010085 0.000000e+00
509010086 0.000000e+00
509010087 0.000000e+00
509011088 0.000000e+00
509011089 0.000000e+00
509011090 0.000000e+00
509011091 0.000000e+00
509011092 0.000000e+00
509011093 0.000000e+00
509011094 0.000000e+00
509011095 0.000000e+00
