001000000 -3.810365e-26
001000001 -1.374543e-26
001000002 5.476623e-10
001000003 7.550584e-10
001000004 1.250256e-10
001000005 6.022542e-10
001000006 5.165618e-09
001000007 5.511679e-09
001001008 2.378834e-11
001001009 6.254418e-10
001001010 1.444883e-10
001001011 7.974741e-10
001001012 2.371566e-10
001001013 4.865242e-10
001001014 5.331805e-09
001001015 5.485692e-09
001002016 1.508368e-11
001002017 0.000000e+00
001002018 2.948889e-10
001002019 9.048906e-10
001002020 3.990960e-11
001002021 8.351941e-11
001002022 5.038122e-09
001002023 6.593332e-09
001003024 -3.655023e-11
001003025 3.723449e-10
001003026 -1.250101e-10
001003027 3.615687e-10
001003028 -5.913446e-11
001003029 2.521731e-10
001003030 2.608849e-10
001003031 7.331967e-10
001004032 2.533614e-11
001004033 1.592233e-09
001004034 6.900539e-10
001004035 9.416104e-10
001004036 7.196245e-10
001004037 9.094261e-10
001004038 4.683397e-10
001004039 8.642022e-10
001005040 1.042001e-09
001005041 1.405067e-09
001005042 6.649786e-10
001005043 6.066345e-10
001005044 3.152039e-10
001005045 7.711877e-10
001005046 1.031756e-09
001005047 4.123584e-10
001006048 8.146108e-10
001006049 1.793345e-09
001006050 1.777326e-09
001006051 1.252374e-09
001006052 1.130454e-09
001006053 2.050612e-09
001006054 1.494804e-09
001006055 1.223949e-09
001007056 8.315429e-10
001007057 1.122901e-09
001007058 1.375673e-09
001007059 1.191899e-09
001007060 8.041675e-10
001007061 2.047800e-09
001007062 1.721614e-09
001007063 1.969514e-09
001008064 1.373992e-09
001008065 1.580583e-09
001008066 1.012822e-09
001008067 1.088819e-09
001008068 1.096553e-09
001008069 2.211222e-09
001008070 3.179445e-10
001008071 1.106930e-09
001009072 1.108898e-09
001009073 1.633300e-09
001009074 7.928480e-10
001009075 1.954184e-09
001009076 1.413203e-09
001009077 1.680246e-09
001009078 1.140387e-09
001009079 7.518555e-10
001010080 1.061999e-09
001010081 1.866741e-09
001010082 9.528600e-10
001010083 3.777378e-09
001010084 1.366541e-09
001010085 1.689856e-09
001010086 8.509464e-10
001010087 1.738997e-09
001011088 1.429822e-09
001011089 7.157260e-10
001011090 1.067969e-09
001011091 2.246687e-09
001011092 1.054691e-09
001011093 1.793378e-09
001011094 6.288722e-09
001011095 6.476518e-09
002000000 -4.930105e-27
002000001 5.948586e-27
002000002 -2.773871e-10
002000003 -1.632926e-10
002000004 -4.115436e-10
002000005 -5.510721e-10
002000006 9.856366e-10
002000007 -5.571416e-10
002001008 -2.349875e-10
002001009 2.287016e-10
002001010 3.628386e-10
002001011 -1.111725e-10
002001012 -2.117386e-11
002001013 -5.315815e-10
002001014 -2.268869e-10
002001015 -2.832452e-10
002002016 -3.671623e-10
002002017 -7.697743e-10
002002018 -4.804909e-10
002002019 2.390470e-10
002002020 1.619150e-09
002002021 5.359875e-10
002002022 -1.054736e-10
002002023 -4.473206e-10
002003024 -3.262781e-10
002003025 -4.076654e-10
002003026 -7.085783e-11
002003027 -1.222650e-10
002003028 -6.854011e-11
002003029 -2.330871e-10
002003030 1.769212e-11
002003031 7.971148e-10
002004032 1.190173e-10
002004033 2.728036e-10
002004034 -1.090699e-10
002004035 -2.393185e-10
002004036 2.471608e-11
002004037 2.998566e-10
002004038 -3.293574e-11
002004039 5.558361e-10
002005040 3.687926e-10
002005041 1.223629e-10
002005042 4.348614e-10
002005043 3.274001e-10
002005044 -1.426613e-10
002005045 -1.937811e-10
002005046 -2.741489e-10
002005047 1.047979e-09
002006048 -1.121470e-12
002006049 -7.034779e-10
002006050 6.386138e-10
002006051 -1.885679e-10
002006052 6.988050e-11
002006053 -1.237563e-10
002006054 -7.469236e-10
002006055 5.839641e-11
002007056 1.375107e-10
002007057 -4.483377e-10
002007058 8.610300e-11
002007059 -4.502663e-10
002007060 6.999409e-11
002007061 -2.589525e-10
002007062 -1.219126e-10
002007063 -5.860978e-10
002008064 -2.373903e-11
002008065 -2.581600e-10
002008066 4.051230e-10
002008067 -3.263865e-10
002008068 1.519472e-09
002008069 -1.193038e-10
002008070 7.690727e-10
002008071 1.219043e-09
002009072 6.755056e-10
002009073 1.950099e-11
002009074 2.079541e-10
002009075 -4.300507e-10
002009076 1.190342e-09
002009077 -3.422805e-10
002009078 6.551702e-10
002009079 3.023758e-10
002010080 6.560897e-10
002010081 5.678652e-10
002010082 3.618037e-10
002010083 2.721921e-10
002010084 6.730335e-10
002010085 4.346504e-10
002010086 1.579825e-09
002010087 3.008847e-10
002011088 5.966649e-10
002011089 3.410008e-10
002011090 6.620105e-10
002011091 1.557778e-10
002011092 8.571255e-10
002011093 7.782689e-10
002011094 4.337374e-10
002011095 3.124135e-10
003000000 -1.825057e-26
003000001 -4.478764e-28
003000002 -3.371413e-10
003000003 2.604237e-11
003000004 -8.625684e-11
003000005 -4.283507e-11
003000006 6.738780e-11
003000007 1.562316e-10
003001008 -1.040578e-10
003001009 -3.517696e-10
003001010 7.218617e-11
003001011 -2.178599e-10
003001012 -8.359148e-10
003001013 -2.586215e-10
003001014 -1.563481e-10
003001015 -4.932301e-10
003002016 -2.774967e-10
003002017 -3.833501e-11
003002018 -4.426663e-11
003002019 -1.797715e-10
003002020 -1.427876e-10
003002021 -4.592133e-11
003002022 -8.517496e-11
003002023 -8.555926e-11
003003024 -3.410583e-10
003003025 -1.107624e-10
003003026 -6.833621e-10
003003027 -4.647068e-10
003003028 -3.141488e-10
003003029 -2.628026e-11
003003030 1.537856e-10
003003031 1.905982e-10
003004032 5.353205e-10
003004033 4.716338e-10
003004034 2.441934e-10
003004035 5.351812e-10
003004036 8.955106e-10
003004037 4.772083e-10
003004038 2.839071e-10
003004039 -5.017291e-10
003005040 -5.375703e-10
003005041 4.221984e-10
003005042 3.044070e-10
003005043 -3.208567e-11
003005044 1.437676e-10
003005045 1.647443e-10
003005046 4.850239e-11
003005047 1.219936e-10
003006048 2.188289e-10
003006049 4.121767e-10
003006050 1.089317e-10
003006051 2.781716e-10
003006052 4.819921e-10
003006053 -1.039720e-10
003006054 5.924342e-10
003006055 7.223132e-11
003007056 3.224663e-10
003007057 1.624625e-10
003007058 3.455397e-10
003007059 -2.334493e-10
003007060 4.208774e-10
003007061 1.020638e-10
003007062 -1.426943e-10
003007063 -6.226027e-10
003008064 -7.718112e-10
003008065 -8.463280e-10
003008066 -6.471175e-10
003008067 -3.766024e-10
003008068 3.534906e-10
003008069 5.388450e-11
003008070 -2.194868e-10
003008071 -1.006097e-09
003009072 -3.668544e-10
003009073 -8.369558e-10
003009074 -8.058699e-10
003009075 -9.065299e-10
003009076 -8.705325e-10
003009077 -3.266674e-10
003009078 -1.358652e-10
003009079 -7.436081e-10
003010080 -6.772530e-10
003010081 -1.583636e-10
003010082 -6.093916e-10
003010083 -8.817357e-10
003010084 -1.397174e-10
003010085 -1.108275e-09
003010086 -3.312379e-10
003010087 -6.093280e-10
003011088 -4.659097e-10
003011089 -8.108555e-10
003011090 -3.630507e-10
003011091 -5.147357e-10
003011092 -5.197308e-10
003011093 -1.769781e-10
003011094 -3.275378e-10
003011095 -8.334432e-10
004000000 -3.952976e-28
004000001 1.888672e-26
004000002 1.118332e-11
004000003 1.815172e-11
004000004 -2.375398e-10
004000005 4.291491e-11
004000006 -1.866649e-10
004000007 -2.887028e-10
004001008 -3.262660e-10
004001009 8.801650e-10
004001010 1.601261e-10
004001011 8.883084e-11
004001012 -6.108809e-11
004001013 3.771578e-10
004001014 -4.839818e-10
004001015 -1.420850e-10
004002016 4.681442e-10
004002017 -5.667605e-11
004002018 -4.709516e-10
004002019 5.479409e-10
004002020 -6.885828e-10
004002021 9.274245e-10
004002022 -2.354423e-10
004002023 2.538261e-10
004003024 -6.279608e-10
004003025 2.926465e-10
004003026 -5.499665e-10
004003027 3.989093e-10
004003028 -4.795417e-10
004003029 4.401962e-10
004003030 -1.935640e-10
004003031 2.925526e-10
004004032 4.706094e-10
004004033 1.655041e-10
004004034 -2.559319e-10
004004035 1.360518e-10
004004036 -1.370046e-10
004004037 1.007842e-10
004004038 -2.230792e-10
004004039 2.983619e-10
004005040 6.982439e-12
004005041 5.866629e-10
004005042 -2.936940e-10
004005043 1.999634e-10
004005044 -3.579317e-10
004005045 4.420681e-10
004005046 -3.131587e-10
004005047 1.340344e-10
004006048 4.449478e-10
004006049 2.442293e-11
004006050 1.092755e-10
004006051 -6.058181e-10
004006052 1.448509e-10
004006053 -2.981713e-11
004006054 -1.480112e-10
004006055 4.777618e-11
004007056 -1.060014e-10
004007057 1.111357e-11
004007058 1.647405e-10
004007059 1.397100e-10
004007060 1.186036e-11
004007061 -3.086975e-10
004007062 -6.426841e-10
004007063 -4.146873e-10
004008064 -9.317925e-10
004008065 4.138847e-10
004008066 1.440428e-10
004008067 7.591046e-10
004008068 2.364890e-10
004008069 1.296565e-09
004008070 1.392873e-10
004008071 1.211134e-09
004009072 1.111844e-10
004009073 1.423203e-09
004009074 -8.856956e-10
004009075 4.271126e-10
004009076 1.443480e-10
004009077 1.074649e-09
004009078 3.672512e-10
004009079 6.961238e-10
004010080 8.607101e-12
004010081 1.270204e-09
004010082 6.774864e-11
004010083 3.946352e-10
004010084 -3.186813e-10
004010085 5.768030e-10
004010086 8.549323e-11
004010087 9.952130e-10
004011088 -3.498171e-10
004011089 4.165589e-10
004011090 5.268508e-10
004011091 9.863360e-10
004011092 5.912924e-10
004011093 2.352531e-10
004011094 1.397160e-11
004011095 1.046101e-09
005000000 -5.633413e-27
005000001 -1.380273e-26
005000002 -1.733175e-10
005000003 1.665932e-10
005000004 -1.395144e-10
005000005 -3.938526e-11
005000006 -2.917030e-11
005000007 1.052351e-09
005001008 3.006615e-10
005001009 4.984338e-10
005001010 6.133406e-11
005001011 5.948438e-10
005001012 -2.426864e-11
005001013 8.794188e-10
005001014 0.000000e+00
005001015 0.000000e+00
005002016 -4.732294e-11
005002017 7.032202e-10
005002018 4.683034e-10
005002019 7.288744e-10
005002020 1.331493e-09
005002021 3.320123e-10
005002022 1.504884e-10
005002023 3.169288e-10
005003024 5.090980e-11
005003025 1.834031e-10
005003026 -5.883294e-10
005003027 4.615142e-10
005003028 1.689662e-10
005003029 4.745363e-10
005003030 1.268172e-10
005003031 4.712627e-10
005004032 1.984446e-10
005004033 2.132271e-10
005004034 4.553202e-10
005004035 5.345870e-10
005004036 -1.283670e-10
005004037 -5.231299e-12
005004038 -1.564425e-10
005004039 1.294547e-09
005005040 9.026278e-10
005005041 -3.136637e-10
005005042 3.623168e-10
005005043 3.761313e-10
005005044 -2.393742e-10
005005045 4.730147e-10
005005046 5.463052e-10
005005047 4.016276e-10
005006048 5.326707e-10
005006049 -2.632630e-10
005006050 9.728812e-11
005006051 4.469445e-10
005006052 -7.092706e-10
005006053 3.057015e-12
005006054 1.129205e-10
005006055 4.631194e-10
005007056 -1.053910e-09
005007057 5.938601e-10
005007058 -3.471900e-10
005007059 5.256652e-10
005007060 -5.636242e-10
005007061 3.276397e-10
005007062 -3.837919e-11
005007063 1.005744e-09
005008064 -8.721272e-10
005008065 3.508478e-10
005008066 -1.798942e-11
005008067 1.076675e-09
005008068 -7.617224e-10
005008069 4.385301e-10
005008070 -2.167143e-10
005008071 8.010286e-10
005009072 -5.274939e-10
005009073 5.225455e-10
005009074 2.558151e-10
005009075 4.406972e-10
005009076 4.877064e-10
005009077 4.806876e-10
005009078 -3.046955e-10
005009079 8.441072e-10
005010080 -3.757512e-10
005010081 3.527510e-10
005010082 -4.460498e-10
005010083 2.576141e-10
005010084 4.446569e-10
005010085 5.046318e-10
005010086 -4.721208e-10
005010087 1.114079e-09
005011088 -7.135406e-10
005011089 9.603346e-10
005011090 -5.622779e-10
005011091 1.552611e-10
005011092 3.917933e-10
005011093 7.478441e-10
005011094 5.135533e-10
005011095 8.275148e-11
006000000 5.134710e-27
006000001 -1.928897e-26
006000002 1.632607e-09
006000003 1.725235e-10
006000004 -9.582224e-11
006000005 -3.784529e-10
006000006 1.348149e-09
006000007 -9.345291e-10
006001008 2.384326e-10
006001009 -2.327162e-10
006001010 5.186361e-10
006001011 7.903260e-13
006001012 3.413450e-10
006001013 -1.673518e-10
006001014 3.035690e-10
006001015 -6.117025e-10
006002016 1.098203e-09
006002017 5.970015e-11
006002018 2.817656e-10
006002019 -3.645628e-10
006002020 6.572292e-10
006002021 -3.714026e-10
006002022 -6.909146e-11
006002023 1.877820e-10
006003024 1.239587e-09
006003025 -6.766005e-10
006003026 -6.360796e-12
006003027 -1.027076e-09
006003028 -2.639287e-10
006003029 -5.212214e-10
006003030 3.653298e-10
006003031 -3.841355e-10
006004032 6.018681e-10
006004033 9.108922e-11
006004034 8.603778e-10
006004035 -4.400059e-10
006004036 4.964141e-10
006004037 -3.446911e-11
006004038 3.346040e-10
006004039 4.980066e-11
006005040 3.876262e-10
006005041 -2.684895e-10
006005042 9.551871e-10
006005043 -2.106341e-10
006005044 4.311930e-10
006005045 -3.290107e-10
006005046 3.962279e-10
006005047 -2.690749e-10
006006048 3.078274e-11
006006049 6.897144e-10
006006050 9.247546e-10
006006051 1.134763e-09
006006052 2.685806e-10
006006053 -3.153672e-11
006006054 6.832390e-10
006006055 2.569233e-10
006007056 1.676907e-10
006007057 5.011475e-10
006007058 3.809016e-10
006007059 -8.395287e-11
006007060 1.119269e-10
006007061 3.070561e-10
006007062 8.592532e-10
006007063 -5.287225e-10
006008064 3.997261e-10
006008065 2.790894e-10
006008066 7.296139e-10
006008067 3.699744e-10
006008068 6.569058e-10
006008069 4.070562e-10
006008070 -2.856929e-11
006008071 3.069631e-10
006009072 1.111740e-09
006009073 2.395635e-10
006009074 2.817279e-10
006009075 1.026821e-09
006009076 5.421370e-10
006009077 5.966063e-10
006009078 8.192404e-10
006009079 1.127628e-09
006010080 8.685093e-10
006010081 5.822188e-10
006010082 1.050607e-09
006010083 3.403353e-10
006010084 2.592721e-10
006010085 4.840838e-10
006010086 4.225007e-10
006010087 -3.531353e-10
006011088 -2.296260e-10
006011089 4.077888e-10
006011090 -7.758263e-11
006011091 2.259900e-10
006011092 9.891817e-10
006011093 -6.808270e-11
006011094 9.993197e-10
006011095 1.509184e-10
007000000 -3.517685e-28
007000001 2.026810e-26
007000002 3.994584e-10
007000003 -3.325103e-11
007000004 5.686332e-11
007000005 -3.474434e-11
007000006 0.000000e+00
007000007 0.000000e+00
007001008 2.569049e-10
007001009 3.467369e-10
007001010 3.904189e-10
007001011 -7.222762e-11
007001012 -2.551869e-10
007001013 -4.115751e-10
007001014 -5.399493e-10
007001015 -1.424602e-10
007002016 -9.767941e-11
007002017 2.650445e-10
007002018 2.022889e-10
007002019 1.262584e-10
007002020 3.926755e-10
007002021 5.579102e-10
007002022 6.381024e-11
007002023 -3.760274e-10
007003024 -1.534799e-11
007003025 1.513456e-10
007003026 -3.732959e-10
007003027 -6.603908e-10
007003028 -5.129943e-10
007003029 -6.751917e-10
007003030 3.346362e-10
007003031 -4.862377e-10
007004032 4.770460e-10
007004033 6.529343e-10
007004034 -1.782774e-10
007004035 -7.457092e-10
007004036 -3.347207e-10
007004037 -1.105031e-09
007004038 -4.314987e-11
007004039 -3.723486e-10
007005040 -8.853451e-12
007005041 -5.961406e-10
007005042 8.684523e-11
007005043 -2.668663e-10
007005044 1.591333e-11
007005045 -3.592501e-10
007005046 -9.439348e-11
007005047 -3.320037e-10
007006048 -7.223960e-10
007006049 -1.624476e-10
007006050 -2.418125e-11
007006051 1.812427e-10
007006052 -3.531919e-10
007006053 -2.495899e-10
007006054 -1.913741e-10
007006055 -2.593102e-11
007007056 -5.387241e-10
007007057 -4.102608e-10
007007058 -1.084927e-10
007007059 5.347515e-11
007007060 -6.388731e-10
007007061 4.208094e-10
007007062 -1.453390e-10
007007063 -4.421377e-11
007008064 -1.289365e-09
007008065 -4.507612e-10
007008066 -5.756732e-10
007008067 -2.797825e-11
007008068 -2.483557e-10
007008069 -1.649655e-11
007008070 -6.165599e-10
007008071 4.240480e-10
007009072 -4.960060e-10
007009073 2.351785e-10
007009074 -5.696960e-10
007009075 -7.628706e-10
007009076 -9.249138e-10
007009077 1.705114e-10
007009078 -3.892599e-10
007009079 6.925097e-10
007010080 2.067994e-11
007010081 -4.191424e-11
007010082 -6.726544e-10
007010083 2.519803e-10
007010084 -7.597792e-10
007010085 -4.023786e-10
007010086 -1.814333e-10
007010087 2.751476e-10
007011088 -7.988903e-10
007011089 5.376945e-10
007011090 -5.126964e-10
007011091 -3.649836e-10
007011092 -1.009741e-09
007011093 3.951625e-10
007011094 -2.539500e-11
007011095 -3.587936e-10
011000000 0.000000e+00
011000001 0.000000e+00
011000002 0.000000e+00
011000003 0.000000e+00
011000004 0.000000e+00
011000005 0.000000e+00
011000006 0.000000e+00
011000007 0.000000e+00
011001008 0.000000e+00
011001009 0.000000e+00
011001010 0.000000e+00
011001011 0.000000e+00
011001012 0.000000e+00
011001013 0.000000e+00
011001014 0.000000e+00
011001015 0.000000e+00
011002016 0.000000e+00
011002017 0.000000e+00
011002018 0.000000e+00
011002019 0.000000e+00
011002020 0.000000e+00
011002021 0.000000e+00
011002022 0.000000e+00
011002023 0.000000e+00
011003024 0.000000e+00
011003025 0.000000e+00
011003026 0.000000e+00
011003027 0.000000e+00
011003028 0.000000e+00
011003029 0.000000e+00
011003030 0.000000e+00
011003031 0.000000e+00
011004032 0.000000e+00
011004033 0.000000e+00
011004034 0.000000e+00
011004035 0.000000e+00
011004036 0.000000e+00
011004037 0.000000e+00
011004038 0.000000e+00
011004039 0.000000e+00
011005040 0.000000e+00
011005041 0.000000e+00
011005042 0.000000e+00
011005043 0.000000e+00
011005044 0.000000e+00
011005045 0.000000e+00
011005046 0.000000e+00
011005047 0.000000e+00
011006048 0.000000e+00
011006049 0.000000e+00
011006050 0.000000e+00
011006051 0.000000e+00
011006052 0.000000e+00
011006053 0.000000e+00
011006054 0.000000e+00
011006055 0.000000e+00
011007056 0.000000e+00
011007057 0.000000e+00
011007058 0.000000e+00
011007059 0.000000e+00
011007060 0.000000e+00
011007061 0.000000e+00
011007062 0.000000e+00
011007063 0.000000e+00
011008064 0.000000e+00
011008065 0.000000e+00
011008066 0.000000e+00
011008067 0.000000e+00
011008068 0.000000e+00
011008069 0.000000e+00
011008070 0.000000e+00
011008071 0.000000e+00
011009072 0.000000e+00
011009073 0.000000e+00
011009074 0.000000e+00
011009075 0.000000e+00
011009076 0.000000e+00
011009077 0.000000e+00
011009078 0.000000e+00
011009079 0.000000e+00
011010080 0.000000e+00
011010081 0.000000e+00
011010082 0.000000e+00
011010083 0.000000e+00
011010084 0.000000e+00
011010085 0.000000e+00
011010086 0.000000e+00
011010087 0.000000e+00
011011088 0.000000e+00
011011089 0.000000e+00
011011090 0.000000e+00
011011091 0.000000e+00
011011092 0.000000e+00
011011093 0.000000e+00
011011094 0.000000e+00
011011095 0.000000e+00
013000000 0.000000e+00
013000001 0.000000e+00
013000002 0.000000e+00
013000003 0.000000e+00
013000004 0.000000e+00
013000005 0.000000e+00
013000006 0.000000e+00
013000007 0.000000e+00
013001008 0.000000e+00
013001009 0.000000e+00
013001010 0.000000e+00
013001011 0.000000e+00
013001012 0.000000e+00
013001013 0.000000e+00
013001014 0.000000e+00
013001015 0.000000e+00
013002016 0.000000e+00
013002017 0.000000e+00
013002018 0.000000e+00
013002019 0.000000e+00
013002020 0.000000e+00
013002021 0.000000e+00
013002022 0.000000e+00
013002023 0.000000e+00
013003024 0.000000e+00
013003025 0.000000e+00
013003026 0.000000e+00
013003027 0.000000e+00
013003028 0.000000e+00
013003029 0.000000e+00
013003030 0.000000e+00
013003031 0.000000e+00
013004032 0.000000e+00
013004033 0.000000e+00
013004034 0.000000e+00
013004035 0.000000e+00
013004036 0.000000e+00
013004037 0.000000e+00
013004038 0.000000e+00
013004039 0.000000e+00
013005040 0.000000e+00
013005041 0.000000e+00
013005042 0.000000e+00
013005043 0.000000e+00
013005044 0.000000e+00
013005045 0.000000e+00
013005046 0.000000e+00
013005047 0.000000e+00
013006048 0.000000e+00
013006049 0.000000e+00
013006050 0.000000e+00
013006051 0.000000e+00
013006052 0.000000e+00
013006053 0.000000e+00
013006054 0.000000e+00
013006055 0.000000e+00
013007056 0.000000e+00
013007057 0.000000e+00
013007058 0.000000e+00
013007059 0.000000e+00
013007060 0.000000e+00
013007061 0.000000e+00
013007062 0.000000e+00
013007063 0.000000e+00
013008064 0.000000e+00
013008065 0.000000e+00
013008066 0.000000e+00
013008067 0.000000e+00
013008068 0.000000e+00
013008069 0.000000e+00
013008070 0.000000e+00
013008071 0.000000e+00
013009072 0.000000e+00
013009073 0.000000e+00
013009074 0.000000e+00
013009075 0.000000e+00
013009076 0.000000e+00
013009077 0.000000e+00
013009078 0.000000e+00
013009079 0.000000e+00
013010080 0.000000e+00
013010081 0.000000e+00
013010082 0.000000e+00
013010083 0.000000e+00
013010084 0.000000e+00
013010085 0.000000e+00
013010086 0.000000e+00
013010087 0.000000e+00
013011088 0.000000e+00
013011089 0.000000e+00
013011090 0.000000e+00
013011091 0.000000e+00
013011092 0.000000e+00
013011093 0.000000e+00
013011094 0.000000e+00
013011095 0.000000e+00
017000000 9.769304e-27
017000001 8.989958e-28
017000002 7.357341e-10
017000003 6.380491e-11
017000004 3.301595e-10
017000005 -5.202122e-10
017000006 8.306200e-10
017000007 5.458916e-10
017001008 3.058130e-10
017001009 -7.646224e-10
017001010 3.960550e-10
017001011 -5.973201e-10
017001012 6.523888e-10
017001013 -4.970479e-10
017001014 5.788598e-10
017001015 -9.803286e-10
017002016 8.017916e-10
017002017 -8.555163e-10
017002018 6.672410e-10
017002019 -3.896144e-10
017002020 5.028024e-10
017002021 -3.753445e-10
017002022 7.690265e-10
017002023 -1.085828e-10
017003024 6.303576e-10
017003025 -4.968615e-10
017003026 9.532932e-10
017003027 -4.649419e-10
017003028 5.263861e-10
017003029 -5.969875e-10
017003030 3.359932e-10
017003031 -1.082079e-10
017004032 7.087235e-10
017004033 2.230036e-10
017004034 7.921508e-10
017004035 4.059942e-10
017004036 1.419931e-09
017004037 -4.536640e-10
017004038 5.721629e-10
017004039 -1.566791e-10
017005040 9.981274e-10
017005041 5.944603e-11
017005042 1.668178e-09
017005043 -9.888233e-11
017005044 2.911534e-09
017005045 9.867439e-10
017005046 1.000554e-09
017005047 -1.920664e-10
017006048 7.702201e-10
017006049 6.423994e-10
017006050 1.645828e-09
017006051 -4.382264e-10
017006052 5.269416e-10
017006053 -3.334930e-10
017006054 2.756244e-10
017006055 -4.496187e-10
017007056 3.341690e-10
017007057 2.312494e-11
017007058 1.531501e-09
017007059 -3.429661e-10
017007060 6.629740e-10
017007061 -1.960290e-10
017007062 4.335514e-10
017007063 -3.388350e-10
017008064 1.542705e-09
017008065 5.670028e-10
017008066 1.596571e-09
017008067 2.905153e-10
017008068 1.264884e-09
017008069 1.084244e-09
017008070 0.000000e+00
017008071 0.000000e+00
017009072 7.192799e-10
017009073 3.127570e-10
017009074 7.524613e-10
017009075 3.987163e-10
017009076 1.243222e-09
017009077 1.734923e-10
017009078 9.956240e-10
017009079 3.749316e-10
017010080 1.549031e-09
017010081 7.553639e-10
017010082 1.545970e-09
017010083 1.265675e-12
017010084 8.302567e-10
017010085 -1.171787e-10
017010086 4.982968e-10
017010087 4.012017e-10
017011088 1.190912e-09
017011089 -7.266393e-11
017011090 1.756555e-09
017011091 7.059274e-11
017011092 1.835894e-09
017011093 -2.159911e-10
017011094 0.000000e+00
017011095 0.000000e+00
021000000 1.596881e-28
021000001 2.928359e-27
021000002 -3.293162e-10
021000003 1.535639e-10
021000004 -1.490971e-10
021000005 1.164872e-09
021000006 -1.802187e-11
021000007 -1.989676e-10
021001008 4.862115e-11
021001009 6.188425e-10
021001010 7.940995e-09
021001011 0.000000e+00
021001012 -6.693603e-11
021001013 3.568792e-10
021001014 -2.744626e-10
021001015 1.897524e-10
021002016 -1.083311e-10
021002017 3.261279e-10
021002018 5.290581e-10
021002019 6.544206e-10
021002020 -1.086923e-10
021002021 4.677760e-10
021002022 7.658018e-09
021002023 0.000000e+00
021003024 -2.987891e-10
021003025 3.758770e-10
021003026 -7.286978e-11
021003027 6.529152e-10
021003028 7.279344e-09
021003029 8.182521e-09
021003030 7.696143e-09
021003031 8.940714e-09
021004032 -3.830063e-10
021004033 4.493464e-11
021004034 1.791517e-10
021004035 5.762895e-10
021004036 7.246930e-09
021004037 7.893861e-09
021004038 7.085582e-09
021004039 8.216489e-09
021005040 7.343974e-09
021005041 8.208976e-09
021005042 -7.807281e-10
021005043 3.148545e-10
021005044 -4.514581e-10
021005045 -3.299253e-10
021005046 -3.056648e-10
021005047 7.885333e-11
021006048 -4.285524e-10
021006049 1.893492e-10
021006050 5.593582e-10
021006051 6.804165e-10
021006052 -6.246175e-10
021006053 3.658000e-10
021006054 -4.731870e-10
021006055 1.002510e-09
021007056 -5.781099e-11
021007057 1.125356e-09
021007058 7.426034e-11
021007059 7.430270e-10
021007060 -6.198997e-10
021007061 7.582145e-10
021007062 -5.687868e-10
021007063 4.188521e-11
021008064 7.070628e-09
021008065 6.892730e-09
021008066 6.673440e-09
021008067 7.364956e-09
021008068 -7.446310e-10
021008069 -9.125666e-10
021008070 -9.105016e-10
021008071 -5.228749e-10
021009072 -1.143612e-09
021009073 -7.660822e-10
021009074 6.802585e-09
021009075 8.484339e-09
021009076 -8.349615e-10
021009077 -3.892363e-10
021009078 6.412892e-09
021009079 7.000781e-09
021010080 6.886284e-09
021010081 7.636235e-09
021010082 6.944285e-09
021010083 7.160263e-09
021010084 -1.062013e-09
021010085 -3.406125e-10
021010086 6.543444e-09
021010087 7.479824e-09
021011088 6.383698e-09
021011089 8.101194e-09
021011090 -6.201610e-10
021011091 -5.730971e-10
021011092 -8.622241e-10
021011093 -2.643570e-10
021011094 6.547639e-09
021011095 7.497948e-09
024000000 -2.870633e-27
024000001 3.083771e-26
024000002 -1.748423e-10
024000003 -3.577649e-10
024000004 -2.894635e-10
024000005 -1.959709e-10
024000006 -5.946503e-10
024000007 -4.676915e-10
024001008 -4.088132e-10
024001009 9.140025e-10
024001010 -2.818894e-10
024001011 1.423309e-10
024001012 -3.684064e-10
024001013 -2.368154e-10
024001014 -3.894907e-10
024001015 2.010871e-10
024002016 -6.110922e-10
024002017 -2.522383e-10
024002018 -5.383304e-11
024002019 2.929528e-10
024002020 1.222662e-10
024002021 8.832737e-10
024002022 -1.039400e-10
024002023 6.429155e-11
024003024 -4.783182e-10
024003025 5.686138e-11
024003026 -6.061980e-10
024003027 -1.035862e-10
024003028 -2.997338e-10
024003029 6.322572e-11
024003030 -2.857901e-10
024003031 7.171668e-10
024004032 4.249755e-10
024004033 8.206351e-10
024004034 9.947085e-11
024004035 3.541894e-10
024004036 1.796555e-10
024004037 5.357383e-10
024004038 1.463305e-10
024004039 5.290042e-10
024005040 3.986825e-10
024005041 8.986158e-10
024005042 6.323574e-10
024005043 6.568217e-10
024005044 7.703568e-11
024005045 9.069415e-10
024005046 -2.309339e-10
024005047 8.018307e-10
024006048 -2.886774e-10
024006049 7.974932e-10
024006050 -6.118102e-10
024006051 7.044936e-10
024006052 1.347540e-10
024006053 3.334134e-10
024006054 -1.477736e-10
024006055 4.815233e-10
024007056 -9.584544e-11
024007057 6.277446e-10
024007058 1.881092e-10
024007059 6.281872e-10
024007060 5.643184e-11
024007061 4.142530e-10
024007062 -9.945309e-11
024007063 -9.860935e-11
024008064 4.010203e-10
024008065 5.528975e-10
024008066 1.976285e-10
024008067 1.939814e-09
024008068 4.496449e-10
024008069 1.194754e-09
024008070 1.432723e-10
024008071 1.313485e-09
024009072 1.700591e-11
024009073 2.058415e-09
024009074 -1.260070e-10
024009075 4.505529e-10
024009076 2.527207e-10
024009077 1.480058e-09
024009078 9.046459e-10
024009079 1.790256e-09
024010080 5.785377e-11
024010081 9.978170e-10
024010082 4.191621e-10
024010083 1.478228e-09
024010084 4.237020e-10
024010085 5.301486e-10
024010086 3.447919e-10
024010087 1.599764e-09
024011088 4.714044e-10
024011089 1.648962e-09
024011090 4.806673e-10
024011091 1.992261e-09
024011092 6.722488e-10
024011093 1.348810e-09
024011094 -1.597171e-10
024011095 7.777972e-10
026000000 1.657626e-26
026000001 -5.099824e-27
026000002 4.658554e-10
026000003 5.592524e-10
026000004 -3.897742e-10
026000005 -3.430358e-10
026000006 -1.450232e-10
026000007 6.597736e-10
026001008 3.216467e-11
026001009 1.623120e-10
026001010 -1.675078e-10
026001011 -4.695487e-10
026001012 -6.743845e-10
026001013 -2.919986e-10
026001014 8.066625e-09
026001015 7.848877e-09
026002016 1.052933e-12
026002017 -5.041626e-11
026002018 2.007671e-10
026002019 -4.449048e-10
026002020 1.713569e-10
026002021 1.276536e-10
026002022 -3.083762e-11
026002023 -4.438332e-10
026003024 -1.798063e-10
026003025 7.563497e-10
026003026 1.012187e-10
026003027 -3.113246e-11
026003028 -1.405229e-10
026003029 4.544089e-11
026003030 7.160715e-10
026003031 3.495465e-10
026004032 4.680708e-10
026004033 -3.459373e-11
026004034 9.306784e-11
026004035 -1.590929e-10
026004036 -4.721628e-10
026004037 9.142484e-10
026004038 -6.496439e-12
026004039 -1.069899e-09
026005040 7.900760e-10
026005041 5.022731e-10
026005042 -1.906672e-10
026005043 9.447698e-10
026005044 3.072464e-10
026005045 -2.625735e-10
026005046 -1.388248e-10
026005047 6.431984e-10
026006048 -1.542274e-10
026006049 8.184014e-10
026006050 -6.835475e-10
026006051 -2.704649e-10
026006052 -7.856175e-11
026006053 6.094654e-10
026006054 -3.288349e-10
026006055 4.148873e-10
026007056 -2.520977e-11
026007057 -3.020141e-10
026007058 5.322444e-10
026007059 -8.434148e-10
026007060 -1.307705e-10
026007061 9.099110e-10
026007062 -8.869475e-12
026007063 1.101108e-10
026008064 3.746740e-09
026008065 4.086821e-09
026008066 -3.408799e-09
026008067 -3.441650e-09
026008068 -3.258718e-09
026008069 0.000000e+00
026008070 -3.042251e-09
026008071 -3.518647e-09
026009072 -3.748629e-09
026009073 -3.679001e-09
026009074 -3.851440e-09
026009075 -3.710705e-09
026009076 4.823657e-09
026009077 0.000000e+00
026009078 -3.508752e-09
026009079 -3.300199e-09
026010080 -3.508301e-09
026010081 -3.437834e-09
026010082 0.000000e+00
026010083 -2.992173e-09
026010084 -3.830714e-09
026010085 -2.870402e-09
026010086 -4.505565e-09
026010087 -3.370249e-09
026011088 3.930641e-09
026011089 4.978470e-09
026011090 -3.548248e-09
026011091 -3.482586e-09
026011092 -3.622162e-09
026011093 -4.018487e-09
026011094 -3.479547e-09
026011095 -4.003174e-09
028000000 0.000000e+00
028000001 0.000000e+00
028000002 0.000000e+00
028000003 0.000000e+00
028000004 0.000000e+00
028000005 0.000000e+00
028000006 0.000000e+00
028000007 0.000000e+00
028001008 0.000000e+00
028001009 0.000000e+00
028001010 0.000000e+00
028001011 0.000000e+00
028001012 0.000000e+00
028001013 0.000000e+00
028001014 0.000000e+00
028001015 0.000000e+00
028002016 0.000000e+00
028002017 0.000000e+00
028002018 0.000000e+00
028002019 0.000000e+00
028002020 0.000000e+00
028002021 0.000000e+00
028002022 0.000000e+00
028002023 0.000000e+00
028003024 0.000000e+00
028003025 0.000000e+00
028003026 0.000000e+00
028003027 0.000000e+00
028003028 0.000000e+00
028003029 0.000000e+00
028003030 0.000000e+00
028003031 0.000000e+00
028004032 0.000000e+00
028004033 0.000000e+00
028004034 0.000000e+00
028004035 0.000000e+00
028004036 0.000000e+00
028004037 0.000000e+00
028004038 0.000000e+00
028004039 0.000000e+00
028005040 0.000000e+00
028005041 0.000000e+00
028005042 0.000000e+00
028005043 0.000000e+00
028005044 0.000000e+00
028005045 0.000000e+00
028005046 0.000000e+00
028005047 0.000000e+00
028006048 0.000000e+00
028006049 0.000000e+00
028006050 0.000000e+00
028006051 0.000000e+00
028006052 0.000000e+00
028006053 0.000000e+00
028006054 0.000000e+00
028006055 0.000000e+00
028007056 0.000000e+00
028007057 0.000000e+00
028007058 0.000000e+00
028007059 0.000000e+00
028007060 0.000000e+00
028007061 0.000000e+00
028007062 0.000000e+00
028007063 0.000000e+00
028008064 0.000000e+00
028008065 0.000000e+00
028008066 0.000000e+00
028008067 0.000000e+00
028008068 0.000000e+00
028008069 0.000000e+00
028008070 0.000000e+00
028008071 0.000000e+00
028009072 0.000000e+00
028009073 0.000000e+00
028009074 0.000000e+00
028009075 0.000000e+00
028009076 0.000000e+00
028009077 0.000000e+00
028009078 0.000000e+00
028009079 0.000000e+00
028010080 0.000000e+00
028010081 0.000000e+00
028010082 0.000000e+00
028010083 0.000000e+00
028010084 0.000000e+00
028010085 0.000000e+00
028010086 0.000000e+00
028010087 0.000000e+00
028011088 0.000000e+00
028011089 0.000000e+00
028011090 0.000000e+00
028011091 0.000000e+00
028011092 0.000000e+00
028011093 0.000000e+00
028011094 0.000000e+00
028011095 0.000000e+00
030000000 -2.204631e-26
030000001 9.554760e-27
030000002 1.225685e-09
030000003 2.846743e-10
030000004 -1.020057e-10
030000005 -3.971092e-10
030000006 4.399414e-10
030000007 2.061325e-10
030001008 -5.011628e-11
030001009 2.416946e-10
030001010 6.448355e-10
030001011 -1.739238e-10
030001012 7.564642e-09
030001013 8.218831e-09
030001014 1.676675e-10
030001015 4.575911e-10
030002016 2.864825e-10
030002017 -1.478859e-10
030002018 4.188683e-11
030002019 5.063544e-10
030002020 8.000163e-09
030002021 8.106257e-09
030002022 -1.903739e-10
030002023 3.840309e-10
030003024 -8.127604e-11
030003025 8.977277e-10
030003026 3.529666e-10
030003027 -1.807618e-10
030003028 7.547977e-09
030003029 7.932173e-09
030003030 -5.619779e-11
030003031 2.980773e-10
030004032 -4.847256e-09
030004033 -4.115975e-09
030004034 -4.587381e-09
030004035 -4.024540e-09
030004036 -4.929820e-09
030004037 -4.427224e-09
030004038 -4.128546e-09
030004039 -4.652804e-09
030005040 3.159596e-09
030005041 3.227478e-09
030005042 -4.395073e-09
030005043 -4.295685e-09
030005044 -4.531632e-09
030005045 -4.621078e-09
030005046 0.000000e+00
030005047 0.000000e+00
030006048 -4.497077e-09
030006049 -4.753945e-09
030006050 0.000000e+00
030006051 0.000000e+00
030006052 -4.534489e-09
030006053 0.000000e+00
030006054 0.000000e+00
030006055 0.000000e+00
030007056 -4.074579e-09
030007057 0.000000e+00
030007058 -4.505195e-09
030007059 0.000000e+00
030007060 -4.560908e-09
030007061 0.000000e+00
030007062 -4.750673e-09
030007063 -4.757060e-09
030008064 8.514264e-09
030008065 8.528104e-09
030008066 8.557017e-09
030008067 0.000000e+00
030008068 1.275535e-09
030008069 9.932684e-10
030008070 7.481508e-10
030008071 7.632526e-10
030009072 8.346283e-10
030009073 9.939314e-10
030009074 5.435944e-10
030009075 4.081484e-10
030009076 7.815248e-09
030009077 8.010357e-09
030009078 0.000000e+00
030009079 0.000000e+00
030010080 8.753010e-09
030010081 9.249933e-09
030010082 5.702095e-10
030010083 7.857082e-10
030010084 8.687645e-10
030010085 1.551942e-10
030010086 4.454166e-10
030010087 6.367988e-10
030011088 1.395699e-09
030011089 2.220031e-09
030011090 8.973686e-10
030011091 6.558530e-10
030011092 1.165954e-09
030011093 2.274770e-10
030011094 1.712972e-09
030011095 8.385135e-10
031000000 0.000000e+00
031000001 0.000000e+00
031000002 0.000000e+00
031000003 0.000000e+00
031000004 0.000000e+00
031000005 0.000000e+00
031000006 0.000000e+00
031000007 0.000000e+00
031001008 0.000000e+00
031001009 0.000000e+00
031001010 0.000000e+00
031001011 0.000000e+00
031001012 0.000000e+00
031001013 0.000000e+00
031001014 0.000000e+00
031001015 0.000000e+00
031002016 0.000000e+00
031002017 0.000000e+00
031002018 0.000000e+00
031002019 0.000000e+00
031002020 0.000000e+00
031002021 0.000000e+00
031002022 0.000000e+00
031002023 0.000000e+00
031003024 0.000000e+00
031003025 0.000000e+00
031003026 0.000000e+00
031003027 0.000000e+00
031003028 0.000000e+00
031003029 0.000000e+00
031003030 0.000000e+00
031003031 0.000000e+00
031004032 0.000000e+00
031004033 0.000000e+00
031004034 0.000000e+00
031004035 0.000000e+00
031004036 0.000000e+00
031004037 0.000000e+00
031004038 0.000000e+00
031004039 0.000000e+00
031005040 0.000000e+00
031005041 0.000000e+00
031005042 0.000000e+00
031005043 0.000000e+00
031005044 0.000000e+00
031005045 0.000000e+00
031005046 0.000000e+00
031005047 0.000000e+00
031006048 0.000000e+00
031006049 0.000000e+00
031006050 0.000000e+00
031006051 0.000000e+00
031006052 0.000000e+00
031006053 0.000000e+00
031006054 0.000000e+00
031006055 0.000000e+00
031007056 0.000000e+00
031007057 0.000000e+00
031007058 0.000000e+00
031007059 0.000000e+00
031007060 0.000000e+00
031007061 0.000000e+00
031007062 0.000000e+00
031007063 0.000000e+00
031008064 0.000000e+00
031008065 0.000000e+00
031008066 0.000000e+00
031008067 0.000000e+00
031008068 0.000000e+00
031008069 0.000000e+00
031008070 0.000000e+00
031008071 0.000000e+00
031009072 0.000000e+00
031009073 0.000000e+00
031009074 0.000000e+00
031009075 0.000000e+00
031009076 0.000000e+00
031009077 0.000000e+00
031009078 0.000000e+00
031009079 0.000000e+00
031010080 0.000000e+00
031010081 0.000000e+00
031010082 0.000000e+00
031010083 0.000000e+00
031010084 0.000000e+00
031010085 0.000000e+00
031010086 0.000000e+00
031010087 0.000000e+00
031011088 0.000000e+00
031011089 0.000000e+00
031011090 0.000000e+00
031011091 0.000000e+00
031011092 0.000000e+00
031011093 0.000000e+00
031011094 0.000000e+00
031011095 0.000000e+00
032000000 9.313609e-27
032000001 4.175815e-27
032000002 2.333063e-10
032000003 -5.824399e-10
032000004 -7.163886e-11
032000005 -1.050342e-09
032000006 -1.668119e-10
032000007 -4.317743e-10
032001008 -1.139161e-10
032001009 -2.833628e-10
032001010 -2.461293e-10
032001011 -6.340332e-10
032001012 2.557498e-10
032001013 -7.878483e-10
032001014 -8.147930e-11
032001015 -4.143158e-10
032002016 2.848317e-11
032002017 2.430067e-11
032002018 2.337256e-10
032002019 -4.865767e-10
032002020 1.932800e-10
032002021 -8.253417e-10
032002022 3.131886e-10
032002023 -5.347662e-10
032003024 1.007661e-10
032003025 -5.586655e-10
032003026 2.215096e-10
032003027 -4.198160e-10
032003028 4.222368e-11
032003029 -9.927982e-10
032003030 -1.915211e-10
032003031 -6.502103e-10
032004032 1.177448e-09
032004033 8.622308e-10
032004034 9.859891e-10
032004035 1.799833e-10
032004036 9.142328e-10
032004037 5.781967e-10
032004038 6.054802e-09
032004039 5.391730e-09
032005040 1.271453e-09
032005041 3.593193e-10
032005042 9.503119e-10
032005043 4.958881e-10
032005044 1.064416e-09
032005045 6.972633e-10
032005046 6.108814e-09
032005047 5.674979e-09
032006048 8.077847e-10
032006049 1.976661e-10
032006050 8.407688e-10
032006051 7.677381e-10
032006052 4.249119e-10
032006053 8.719153e-10
032006054 6.174969e-09
032006055 5.883212e-09
032007056 1.113432e-09
032007057 1.439839e-09
032007058 1.018142e-09
032007059 4.617516e-10
032007060 1.179888e-09
032007061 1.005301e-09
032007062 9.986665e-10
032007063 2.675235e-10
032008064 1.329211e-09
032008065 7.761714e-10
032008066 9.811426e-10
032008067 3.308787e-10
032008068 6.322751e-09
032008069 6.237033e-09
032008070 6.111687e-09
032008071 6.203921e-09
032009072 1.152016e-09
032009073 8.974343e-10
032009074 8.557677e-10
032009075 -3.034254e-11
032009076 1.222892e-09
032009077 1.884672e-10
032009078 6.175756e-09
032009079 5.193880e-09
032010080 8.044272e-10
032010081 8.742698e-10
032010082 1.437680e-09
032010083 5.131538e-10
032010084 7.804543e-10
032010085 1.116032e-09
032010086 6.141624e-09
032010087 5.450051e-09
032011088 1.692191e-09
032011089 1.382232e-09
032011090 9.150859e-10
032011091 7.745746e-10
032011092 8.605007e-10
032011093 -9.965185e-11
032011094 0.000000e+00
032011095 0.000000e+00
101000000 5.338699e-27
101000001 1.840961e-26
101000002 -3.085706e-11
101000003 3.665815e-10
101000004 2.396498e-10
101000005 -5.329027e-10
101000006 2.368193e-10
101000007 1.954815e-10
101001008 -1.156729e-10
101001009 -1.120100e-10
101001010 2.792151e-10
101001011 2.050756e-10
101001012 2.446355e-10
101001013 6.223562e-11
101001014 3.180176e-10
101001015 2.311655e-10
101002016 2.920396e-11
101002017 4.012840e-10
101002018 8.379665e-10
101002019 5.116210e-10
101002020 -3.215413e-10
101002021 5.768140e-10
101002022 2.621593e-10
101002023 3.606689e-10
101003024 2.246864e-10
101003025 4.188075e-10
101003026 -1.016695e-10
101003027 2.847075e-10
101003028 5.243454e-10
101003029 6.386368e-10
101003030 1.956510e-10
101003031 -2.196399e-10
101004032 -2.034066e-09
101004033 -1.646023e-09
101004034 -1.556980e-09
101004035 -1.596257e-09
101004036 4.085714e-09
101004037 3.042570e-09
101004038 3.465512e-09
101004039 3.426310e-09
101005040 -2.085856e-09
101005041 -9.741831e-10
101005042 -1.476763e-09
101005043 -1.490278e-09
101005044 3.125901e-09
101005045 3.808464e-09
101005046 3.207606e-09
101005047 3.499059e-09
101006048 -2.128954e-09
101006049 -1.723949e-09
101006050 -1.694362e-09
101006051 -2.056414e-09
101006052 2.890256e-09
101006053 3.354927e-09
101006054 2.948882e-09
101006055 3.567378e-09
101007056 -2.048516e-09
101007057 -1.540228e-09
101007058 -1.458934e-09
101007059 -1.126702e-09
101007060 3.138448e-09
101007061 3.347489e-09
101007062 3.121532e-09
101007063 3.344020e-09
101008064 5.848131e-12
101008065 3.784930e-10
101008066 5.611809e-10
101008067 5.852969e-10
101008068 2.357628e-10
101008069 7.366184e-10
101008070 7.434482e-10
101008071 6.265630e-10
101009072 1.999464e-10
101009073 4.007104e-10
101009074 1.793179e-10
101009075 2.631974e-10
101009076 1.333901e-10
101009077 5.261359e-10
101009078 3.717389e-10
101009079 3.151005e-10
101010080 -1.570892e-10
101010081 4.546523e-10
101010082 2.552533e-10
101010083 7.402714e-10
101010084 2.328689e-10
101010085 6.492171e-10
101010086 6.287380e-10
101010087 5.299190e-10
101011088 7.171462e-11
101011089 7.388387e-10
101011090 5.880708e-10
101011091 7.674039e-10
101011092 1.304119e-10
101011093 5.130235e-10
101011094 -1.900572e-10
101011095 4.268165e-10
103000000 4.014413e-27
103000001 -2.764829e-27
103000002 -3.937213e-10
103000003 -2.866821e-10
103000004 -4.835265e-11
103000005 1.637992e-10
103000006 -1.824594e-10
103000007 1.159195e-10
103001008 1.222567e-10
103001009 -1.118127e-10
103001010 5.466873e-11
103001011 -1.011413e-09
103001012 1.337528e-10
103001013 4.264473e-10
103001014 -1.206412e-10
103001015 5.809082e-11
103002016 1.339364e-10
103002017 -3.153579e-10
103002018 -5.197345e-11
103002019 -1.478195e-10
103002020 -1.819092e-10
103002021 -3.396307e-10
103002022 -3.004005e-10
103002023 -3.841796e-10
103003024 4.413848e-10
103003025 2.734277e-10
103003026 1.125740e-09
103003027 -2.335228e-10
103003028 -1.582919e-10
103003029 -1.548383e-10
103003030 2.177451e-10
103003031 -4.423136e-10
103004032 -5.830040e-10
103004033 -1.455120e-09
103004034 -1.096157e-09
103004035 -1.591084e-09
103004036 -6.724566e-10
103004037 -1.431109e-09
103004038 -9.676275e-10
103004039 -7.388474e-10
103005040 -1.047831e-09
103005041 -1.233197e-09
103005042 -1.010459e-09
103005043 -1.085769e-09
103005044 -5.746364e-10
103005045 -1.123757e-09
103005046 -8.493435e-10
103005047 -1.505827e-09
103006048 -1.319717e-09
103006049 -1.823329e-09
103006050 -8.241325e-10
103006051 -1.426369e-09
103006052 -1.377883e-09
103006053 -1.866545e-09
103006054 -1.107950e-09
103006055 -1.306155e-09
103007056 -8.941195e-10
103007057 -1.019125e-09
103007058 -8.033737e-10
103007059 -9.715988e-10
103007060 -9.932164e-10
103007061 -1.472146e-09
103007062 3.628746e-09
103007063 3.533865e-09
103008064 3.071780e-10
103008065 -3.034531e-10
103008066 3.589826e-10
103008067 -4.034303e-11
103008068 1.475353e-10
103008069 7.782770e-11
103008070 1.931470e-10
103008071 -2.711720e-10
103009072 6.395514e-11
103009073 -3.630091e-10
103009074 -3.861320e-10
103009075 -3.409144e-10
103009076 -1.497971e-10
103009077 -1.810445e-12
103009078 4.976216e-10
103009079 -1.416093e-10
103010080 3.493291e-10
103010081 -1.000858e-10
103010082 -1.354015e-10
103010083 -4.220054e-10
103010084 -2.158369e-10
103010085 -3.525944e-10
103010086 7.982446e-10
103010087 -4.525886e-10
103011088 7.236845e-11
103011089 -1.929152e-10
103011090 3.554123e-10
103011091 -2.800140e-10
103011092 1.079374e-10
103011093 -3.211000e-10
103011094 5.681679e-10
103011095 -2.342291e-10
201000000 0.000000e+00
201000001 0.000000e+00
201000002 0.000000e+00
201000003 0.000000e+00
201000004 0.000000e+00
201000005 0.000000e+00
201000006 0.000000e+00
201000007 0.000000e+00
201001008 0.000000e+00
201001009 0.000000e+00
201001010 0.000000e+00
201001011 0.000000e+00
201001012 0.000000e+00
201001013 0.000000e+00
201001014 0.000000e+00
201001015 0.000000e+00
201002016 0.000000e+00
201002017 0.000000e+00
201002018 0.000000e+00
201002019 0.000000e+00
201002020 0.000000e+00
201002021 0.000000e+00
201002022 0.000000e+00
201002023 0.000000e+00
201003024 0.000000e+00
201003025 0.000000e+00
201003026 0.000000e+00
201003027 0.000000e+00
201003028 0.000000e+00
201003029 0.000000e+00
201003030 0.000000e+00
201003031 0.000000e+00
201004032 0.000000e+00
201004033 0.000000e+00
201004034 0.000000e+00
201004035 0.000000e+00
201004036 0.000000e+00
201004037 0.000000e+00
201004038 0.000000e+00
201004039 0.000000e+00
201005040 0.000000e+00
201005041 0.000000e+00
201005042 0.000000e+00
201005043 0.000000e+00
201005044 0.000000e+00
201005045 0.000000e+00
201005046 0.000000e+00
201005047 0.000000e+00
201006048 0.000000e+00
201006049 0.000000e+00
201006050 0.000000e+00
201006051 0.000000e+00
201006052 0.000000e+00
201006053 0.000000e+00
201006054 0.000000e+00
201006055 0.000000e+00
201007056 0.000000e+00
201007057 0.000000e+00
201007058 0.000000e+00
201007059 0.000000e+00
201007060 0.000000e+00
201007061 0.000000e+00
201007062 0.000000e+00
201007063 0.000000e+00
201008064 0.000000e+00
201008065 0.000000e+00
201008066 0.000000e+00
201008067 0.000000e+00
201008068 0.000000e+00
201008069 0.000000e+00
201008070 0.000000e+00
201008071 0.000000e+00
201009072 0.000000e+00
201009073 0.000000e+00
201009074 0.000000e+00
201009075 0.000000e+00
201009076 0.000000e+00
201009077 0.000000e+00
201009078 0.000000e+00
201009079 0.000000e+00
201010080 0.000000e+00
201010081 0.000000e+00
201010082 0.000000e+00
201010083 0.000000e+00
201010084 0.000000e+00
201010085 0.000000e+00
201010086 0.000000e+00
201010087 0.000000e+00
201011088 0.000000e+00
201011089 0.000000e+00
201011090 0.000000e+00
201011091 0.000000e+00
201011092 0.000000e+00
201011093 0.000000e+00
201011094 0.000000e+00
201011095 0.000000e+00
301000000 0.000000e+00
301000001 0.000000e+00
301000002 0.000000e+00
301000003 0.000000e+00
301000004 0.000000e+00
301000005 0.000000e+00
301000006 0.000000e+00
301000007 0.000000e+00
301001008 0.000000e+00
301001009 0.000000e+00
301001010 0.000000e+00
301001011 0.000000e+00
301001012 0.000000e+00
301001013 0.000000e+00
301001014 0.000000e+00
301001015 0.000000e+00
301002016 0.000000e+00
301002017 0.000000e+00
301002018 0.000000e+00
301002019 0.000000e+00
301002020 0.000000e+00
301002021 0.000000e+00
301002022 0.000000e+00
301002023 0.000000e+00
301003024 0.000000e+00
301003025 0.000000e+00
301003026 0.000000e+00
301003027 0.000000e+00
301003028 0.000000e+00
301003029 0.000000e+00
301003030 0.000000e+00
301003031 0.000000e+00
301004032 0.000000e+00
301004033 0.000000e+00
301004034 0.000000e+00
301004035 0.000000e+00
301004036 0.000000e+00
301004037 0.000000e+00
301004038 0.000000e+00
301004039 0.000000e+00
301005040 0.000000e+00
301005041 0.000000e+00
301005042 0.000000e+00
301005043 0.000000e+00
301005044 0.000000e+00
301005045 0.000000e+00
301005046 0.000000e+00
301005047 0.000000e+00
301006048 0.000000e+00
301006049 0.000000e+00
301006050 0.000000e+00
301006051 0.000000e+00
301006052 0.000000e+00
301006053 0.000000e+00
301006054 0.000000e+00
301006055 0.000000e+00
301007056 0.000000e+00
301007057 0.000000e+00
301007058 0.000000e+00
301007059 0.000000e+00
301007060 0.000000e+00
301007061 0.000000e+00
301007062 0.000000e+00
301007063 0.000000e+00
301008064 0.000000e+00
301008065 0.000000e+00
301008066 0.000000e+00
301008067 0.000000e+00
301008068 0.000000e+00
301008069 0.000000e+00
301008070 0.000000e+00
301008071 0.000000e+00
301009072 0.000000e+00
301009073 0.000000e+00
301009074 0.000000e+00
301009075 0.000000e+00
301009076 0.000000e+00
301009077 0.000000e+00
301009078 0.000000e+00
301009079 0.000000e+00
301010080 0.000000e+00
301010081 0.000000e+00
301010082 0.000000e+00
301010083 0.000000e+00
301010084 0.000000e+00
301010085 0.000000e+00
301010086 0.000000e+00
301010087 0.000000e+00
301011088 0.000000e+00
301011089 0.000000e+00
301011090 0.000000e+00
301011091 0.000000e+00
301011092 0.000000e+00
301011093 0.000000e+00
301011094 0.000000e+00
301011095 0.000000e+00
302000000 0.000000e+00
302000001 0.000000e+00
302000002 0.000000e+00
302000003 0.000000e+00
302000004 0.000000e+00
302000005 0.000000e+00
302000006 0.000000e+00
302000007 0.000000e+00
302001008 0.000000e+00
302001009 0.000000e+00
302001010 0.000000e+00
302001011 0.000000e+00
302001012 0.000000e+00
302001013 0.000000e+00
302001014 0.000000e+00
302001015 0.000000e+00
302002016 0.000000e+00
302002017 0.000000e+00
302002018 0.000000e+00
302002019 0.000000e+00
302002020 0.000000e+00
302002021 0.000000e+00
302002022 0.000000e+00
302002023 0.000000e+00
302003024 0.000000e+00
302003025 0.000000e+00
302003026 0.000000e+00
302003027 0.000000e+00
302003028 0.000000e+00
302003029 0.000000e+00
302003030 0.000000e+00
302003031 0.000000e+00
302004032 0.000000e+00
302004033 0.000000e+00
302004034 0.000000e+00
302004035 0.000000e+00
302004036 0.000000e+00
302004037 0.000000e+00
302004038 0.000000e+00
302004039 0.000000e+00
302005040 0.000000e+00
302005041 0.000000e+00
302005042 0.000000e+00
302005043 0.000000e+00
302005044 0.000000e+00
302005045 0.000000e+00
302005046 0.000000e+00
302005047 0.000000e+00
302006048 0.000000e+00
302006049 0.000000e+00
302006050 0.000000e+00
302006051 0.000000e+00
302006052 0.000000e+00
302006053 0.000000e+00
302006054 0.000000e+00
302006055 0.000000e+00
302007056 0.000000e+00
302007057 0.000000e+00
302007058 0.000000e+00
302007059 0.000000e+00
302007060 0.000000e+00
302007061 0.000000e+00
302007062 0.000000e+00
302007063 0.000000e+00
302008064 0.000000e+00
302008065 0.000000e+00
302008066 0.000000e+00
302008067 0.000000e+00
302008068 0.000000e+00
302008069 0.000000e+00
302008070 0.000000e+00
302008071 0.000000e+00
302009072 0.000000e+00
302009073 0.000000e+00
302009074 0.000000e+00
302009075 0.000000e+00
302009076 0.000000e+00
302009077 0.000000e+00
302009078 0.000000e+00
302009079 0.000000e+00
302010080 0.000000e+00
302010081 0.000000e+00
302010082 0.000000e+00
302010083 0.000000e+00
302010084 0.000000e+00
302010085 0.000000e+00
302010086 0.000000e+00
302010087 0.000000e+00
302011088 0.000000e+00
302011089 0.000000e+00
302011090 0.000000e+00
302011091 0.000000e+00
302011092 0.000000e+00
302011093 0.000000e+00
302011094 0.000000e+00
302011095 0.000000e+00
401000000 0.000000e+00
401000001 0.000000e+00
401000002 0.000000e+00
401000003 0.000000e+00
401000004 0.000000e+00
401000005 0.000000e+00
401000006 0.000000e+00
401000007 0.000000e+00
401001008 0.000000e+00
401001009 0.000000e+00
401001010 0.000000e+00
401001011 0.000000e+00
401001012 0.000000e+00
401001013 0.000000e+00
401001014 0.000000e+00
401001015 0.000000e+00
401002016 0.000000e+00
401002017 0.000000e+00
401002018 0.000000e+00
401002019 0.000000e+00
401002020 0.000000e+00
401002021 0.000000e+00
401002022 0.000000e+00
401002023 0.000000e+00
401003024 0.000000e+00
401003025 0.000000e+00
401003026 0.000000e+00
401003027 0.000000e+00
401003028 0.000000e+00
401003029 0.000000e+00
401003030 0.000000e+00
401003031 0.000000e+00
401004032 0.000000e+00
401004033 0.000000e+00
401004034 0.000000e+00
401004035 0.000000e+00
401004036 0.000000e+00
401004037 0.000000e+00
401004038 0.000000e+00
401004039 0.000000e+00
401005040 0.000000e+00
401005041 0.000000e+00
401005042 0.000000e+00
401005043 0.000000e+00
401005044 0.000000e+00
401005045 0.000000e+00
401005046 0.000000e+00
401005047 0.000000e+00
401006048 0.000000e+00
401006049 0.000000e+00
401006050 0.000000e+00
401006051 0.000000e+00
401006052 0.000000e+00
401006053 0.000000e+00
401006054 0.000000e+00
401006055 0.000000e+00
401007056 0.000000e+00
401007057 0.000000e+00
401007058 0.000000e+00
401007059 0.000000e+00
401007060 0.000000e+00
401007061 0.000000e+00
401007062 0.000000e+00
401007063 0.000000e+00
401008064 0.000000e+00
401008065 0.000000e+00
401008066 0.000000e+00
401008067 0.000000e+00
401008068 0.000000e+00
401008069 0.000000e+00
401008070 0.000000e+00
401008071 0.000000e+00
401009072 0.000000e+00
401009073 0.000000e+00
401009074 0.000000e+00
401009075 0.000000e+00
401009076 0.000000e+00
401009077 0.000000e+00
401009078 0.000000e+00
401009079 0.000000e+00
401010080 0.000000e+00
401010081 0.000000e+00
401010082 0.000000e+00
401010083 0.000000e+00
401010084 0.000000e+00
401010085 0.000000e+00
401010086 0.000000e+00
401010087 0.000000e+00
401011088 0.000000e+00
401011089 0.000000e+00
401011090 0.000000e+00
401011091 0.000000e+00
401011092 0.000000e+00
401011093 0.000000e+00
401011094 0.000000e+00
401011095 0.000000e+00
501000000 0.000000e+00
501000001 0.000000e+00
501000002 0.000000e+00
501000003 0.000000e+00
501000004 0.000000e+00
501000005 0.000000e+00
501000006 0.000000e+00
501000007 0.000000e+00
501001008 0.000000e+00
501001009 0.000000e+00
501001010 0.000000e+00
501001011 0.000000e+00
501001012 0.000000e+00
501001013 0.000000e+00
501001014 0.000000e+00
501001015 0.000000e+00
501002016 0.000000e+00
501002017 0.000000e+00
501002018 0.000000e+00
501002019 0.000000e+00
501002020 0.000000e+00
501002021 0.000000e+00
501002022 0.000000e+00
501002023 0.000000e+00
501003024 0.000000e+00
501003025 0.000000e+00
501003026 0.000000e+00
501003027 0.000000e+00
501003028 0.000000e+00
501003029 0.000000e+00
501003030 0.000000e+00
501003031 0.000000e+00
501004032 0.000000e+00
501004033 0.000000e+00
501004034 0.000000e+00
501004035 0.000000e+00
501004036 0.000000e+00
501004037 0.000000e+00
501004038 0.000000e+00
501004039 0.000000e+00
501005040 0.000000e+00
501005041 0.000000e+00
501005042 0.000000e+00
501005043 0.000000e+00
501005044 0.000000e+00
501005045 0.000000e+00
501005046 0.000000e+00
501005047 0.000000e+00
501006048 0.000000e+00
501006049 0.000000e+00
501006050 0.000000e+00
501006051 0.000000e+00
501006052 0.000000e+00
501006053 0.000000e+00
501006054 0.000000e+00
501006055 0.000000e+00
501007056 0.000000e+00
501007057 0.000000e+00
501007058 0.000000e+00
501007059 0.000000e+00
501007060 0.000000e+00
501007061 0.000000e+00
501007062 0.000000e+00
501007063 0.000000e+00
501008064 0.000000e+00
501008065 0.000000e+00
501008066 0.000000e+00
501008067 0.000000e+00
501008068 0.000000e+00
501008069 0.000000e+00
501008070 0.000000e+00
501008071 0.000000e+00
501009072 0.000000e+00
501009073 0.000000e+00
501009074 0.000000e+00
501009075 0.000000e+00
501009076 0.000000e+00
501009077 0.000000e+00
501009078 0.000000e+00
501009079 0.000000e+00
501010080 0.000000e+00
501010081 0.000000e+00
501010082 0.000000e+00
501010083 0.000000e+00
501010084 0.000000e+00
501010085 0.000000e+00
501010086 0.000000e+00
501010087 0.000000e+00
501011088 0.000000e+00
501011089 0.000000e+00
501011090 0.000000e+00
501011091 0.000000e+00
501011092 0.000000e+00
501011093 0.000000e+00
501011094 0.000000e+00
501011095 0.000000e+00
106000000 -1.034952e-27
106000001 -9.688365e-27
106000002 -3.810908e-10
106000003 -1.545433e-10
106000004 3.663642e-10
106000005 -4.825628e-10
106000006 2.446458e-09
106000007 1.726284e-09
106001008 4.083717e-10
106001009 3.464992e-11
106001010 3.641825e-10
106001011 -5.762575e-10
106001012 2.038505e-09
106001013 2.212489e-09
106001014 1.797853e-09
106001015 1.912938e-09
106002016 6.391588e-10
106002017 -3.124872e-10
106002018 -2.647769e-10
106002019 -1.296700e-10
106002020 3.922209e-10
106002021 -2.306783e-10
106002022 2.135757e-09
106002023 1.435723e-09
106003024 2.352417e-09
106003025 1.858844e-09
106003026 2.201337e-09
106003027 1.763800e-09
106003028 2.358851e-09
106003029 1.819718e-09
106003030 1.959502e-09
106003031 1.417619e-09
106004032 2.514889e-10
106004033 -5.587944e-11
106004034 -1.561758e-10
106004035 -7.702775e-10
106004036 7.962574e-09
106004037 7.654713e-09
106004038 2.032722e-09
106004039 1.808775e-09
106005040 1.909609e-09
106005041 1.602158e-09
106005042 2.430306e-09
106005043 1.685388e-09
106005044 2.527910e-09
106005045 1.909179e-09
106005046 1.620353e-09
106005047 1.611924e-09
106006048 3.564202e-10
106006049 -4.243314e-10
106006050 1.766751e-10
106006051 -6.595341e-10
106006052 6.453899e-10
106006053 2.249866e-10
106006054 2.374760e-09
106006055 1.724633e-09
106007056 1.653031e-09
106007057 1.796938e-09
106007058 2.431706e-09
106007059 1.959329e-09
106007060 2.255927e-09
106007061 1.361138e-09
106007062 2.412959e-09
106007063 1.714665e-09
106008064 2.764304e-10
106008065 -3.755669e-10
106008066 4.720685e-10
106008067 -2.444590e-10
106008068 3.059560e-10
106008069 -4.796675e-10
106008070 2.596507e-09
106008071 1.713034e-09
106009072 2.263501e-09
106009073 1.546569e-09
106009074 2.026656e-09
106009075 1.375215e-09
106009076 2.463664e-09
106009077 1.776063e-09
106009078 2.617917e-09
106009079 1.314776e-09
106010080 4.104651e-10
106010081 -3.010670e-10
106010082 3.679151e-10
106010083 -3.654537e-10
106010084 2.808869e-09
106010085 1.633121e-09
106010086 2.356379e-09
106010087 1.421736e-09
106011088 5.205445e-10
106011089 -1.712523e-10
106011090 1.384335e-10
106011091 -9.254503e-11
106011092 1.610280e-10
106011093 -3.322218e-10
106011094 2.516160e-09
106011095 1.681966e-09
205000000 0.000000e+00
205000001 0.000000e+00
205000002 0.000000e+00
205000003 0.000000e+00
205000004 0.000000e+00
205000005 0.000000e+00
205000006 0.000000e+00
205000007 0.000000e+00
205001008 0.000000e+00
205001009 0.000000e+00
205001010 0.000000e+00
205001011 0.000000e+00
205001012 0.000000e+00
205001013 0.000000e+00
205001014 0.000000e+00
205001015 0.000000e+00
205002016 0.000000e+00
205002017 0.000000e+00
205002018 0.000000e+00
205002019 0.000000e+00
205002020 0.000000e+00
205002021 0.000000e+00
205002022 0.000000e+00
205002023 0.000000e+00
205003024 0.000000e+00
205003025 0.000000e+00
205003026 0.000000e+00
205003027 0.000000e+00
205003028 0.000000e+00
205003029 0.000000e+00
205003030 0.000000e+00
205003031 0.000000e+00
205004032 0.000000e+00
205004033 0.000000e+00
205004034 0.000000e+00
205004035 0.000000e+00
205004036 0.000000e+00
205004037 0.000000e+00
205004038 0.000000e+00
205004039 0.000000e+00
205005040 0.000000e+00
205005041 0.000000e+00
205005042 0.000000e+00
205005043 0.000000e+00
205005044 0.000000e+00
205005045 0.000000e+00
205005046 0.000000e+00
205005047 0.000000e+00
205006048 0.000000e+00
205006049 0.000000e+00
205006050 0.000000e+00
205006051 0.000000e+00
205006052 0.000000e+00
205006053 0.000000e+00
205006054 0.000000e+00
205006055 0.000000e+00
205007056 0.000000e+00
205007057 0.000000e+00
205007058 0.000000e+00
205007059 0.000000e+00
205007060 0.000000e+00
205007061 0.000000e+00
205007062 0.000000e+00
205007063 0.000000e+00
205008064 0.000000e+00
205008065 0.000000e+00
205008066 0.000000e+00
205008067 0.000000e+00
205008068 0.000000e+00
205008069 0.000000e+00
205008070 0.000000e+00
205008071 0.000000e+00
205009072 0.000000e+00
205009073 0.000000e+00
205009074 0.000000e+00
205009075 0.000000e+00
205009076 0.000000e+00
205009077 0.000000e+00
205009078 0.000000e+00
205009079 0.000000e+00
205010080 0.000000e+00
205010081 0.000000e+00
205010082 0.000000e+00
205010083 0.000000e+00
205010084 0.000000e+00
205010085 0.000000e+00
205010086 0.000000e+00
205010087 0.000000e+00
205011088 0.000000e+00
205011089 0.000000e+00
205011090 0.000000e+00
205011091 0.000000e+00
205011092 0.000000e+00
205011093 0.000000e+00
205011094 0.000000e+00
205011095 0.000000e+00
208000000 0.000000e+00
208000001 0.000000e+00
208000002 0.000000e+00
208000003 0.000000e+00
208000004 0.000000e+00
208000005 0.000000e+00
208000006 0.000000e+00
208000007 0.000000e+00
208001008 0.000000e+00
208001009 0.000000e+00
208001010 0.000000e+00
208001011 0.000000e+00
208001012 0.000000e+00
208001013 0.000000e+00
208001014 0.000000e+00
208001015 0.000000e+00
208002016 0.000000e+00
208002017 0.000000e+00
208002018 0.000000e+00
208002019 0.000000e+00
208002020 0.000000e+00
208002021 0.000000e+00
208002022 0.000000e+00
208002023 0.000000e+00
208003024 0.000000e+00
208003025 0.000000e+00
208003026 0.000000e+00
208003027 0.000000e+00
208003028 0.000000e+00
208003029 0.000000e+00
208003030 0.000000e+00
208003031 0.000000e+00
208004032 0.000000e+00
208004033 0.000000e+00
208004034 0.000000e+00
208004035 0.000000e+00
208004036 0.000000e+00
208004037 0.000000e+00
208004038 0.000000e+00
208004039 0.000000e+00
208005040 0.000000e+00
208005041 0.000000e+00
208005042 0.000000e+00
208005043 0.000000e+00
208005044 0.000000e+00
208005045 0.000000e+00
208005046 0.000000e+00
208005047 0.000000e+00
208006048 0.000000e+00
208006049 0.000000e+00
208006050 0.000000e+00
208006051 0.000000e+00
208006052 0.000000e+00
208006053 0.000000e+00
208006054 0.000000e+00
208006055 0.000000e+00
208007056 0.000000e+00
208007057 0.000000e+00
208007058 0.000000e+00
208007059 0.000000e+00
208007060 0.000000e+00
208007061 0.000000e+00
208007062 0.000000e+00
208007063 0.000000e+00
208008064 0.000000e+00
208008065 0.000000e+00
208008066 0.000000e+00
208008067 0.000000e+00
208008068 0.000000e+00
208008069 0.000000e+00
208008070 0.000000e+00
208008071 0.000000e+00
208009072 0.000000e+00
208009073 0.000000e+00
208009074 0.000000e+00
208009075 0.000000e+00
208009076 0.000000e+00
208009077 0.000000e+00
208009078 0.000000e+00
208009079 0.000000e+00
208010080 0.000000e+00
208010081 0.000000e+00
208010082 0.000000e+00
208010083 0.000000e+00
208010084 0.000000e+00
208010085 0.000000e+00
208010086 0.000000e+00
208010087 0.000000e+00
208011088 0.000000e+00
208011089 0.000000e+00
208011090 0.000000e+00
208011091 0.000000e+00
208011092 0.000000e+00
208011093 0.000000e+00
208011094 0.000000e+00
208011095 0.000000e+00
306000000 0.000000e+00
306000001 0.000000e+00
306000002 0.000000e+00
306000003 0.000000e+00
306000004 0.000000e+00
306000005 0.000000e+00
306000006 0.000000e+00
306000007 0.000000e+00
306001008 0.000000e+00
306001009 0.000000e+00
306001010 0.000000e+00
306001011 0.000000e+00
306001012 0.000000e+00
306001013 0.000000e+00
306001014 0.000000e+00
306001015 0.000000e+00
306002016 0.000000e+00
306002017 0.000000e+00
306002018 0.000000e+00
306002019 0.000000e+00
306002020 0.000000e+00
306002021 0.000000e+00
306002022 0.000000e+00
306002023 0.000000e+00
306003024 0.000000e+00
306003025 0.000000e+00
306003026 0.000000e+00
306003027 0.000000e+00
306003028 0.000000e+00
306003029 0.000000e+00
306003030 0.000000e+00
306003031 0.000000e+00
306004032 0.000000e+00
306004033 0.000000e+00
306004034 0.000000e+00
306004035 0.000000e+00
306004036 0.000000e+00
306004037 0.000000e+00
306004038 0.000000e+00
306004039 0.000000e+00
306005040 0.000000e+00
306005041 0.000000e+00
306005042 0.000000e+00
306005043 0.000000e+00
306005044 0.000000e+00
306005045 0.000000e+00
306005046 0.000000e+00
306005047 0.000000e+00
306006048 0.000000e+00
306006049 0.000000e+00
306006050 0.000000e+00
306006051 0.000000e+00
306006052 0.000000e+00
306006053 0.000000e+00
306006054 0.000000e+00
306006055 0.000000e+00
306007056 0.000000e+00
306007057 0.000000e+00
306007058 0.000000e+00
306007059 0.000000e+00
306007060 0.000000e+00
306007061 0.000000e+00
306007062 0.000000e+00
306007063 0.000000e+00
306008064 0.000000e+00
306008065 0.000000e+00
306008066 0.000000e+00
306008067 0.000000e+00
306008068 0.000000e+00
306008069 0.000000e+00
306008070 0.000000e+00
306008071 0.000000e+00
306009072 0.000000e+00
306009073 0.000000e+00
306009074 0.000000e+00
306009075 0.000000e+00
306009076 0.000000e+00
306009077 0.000000e+00
306009078 0.000000e+00
306009079 0.000000e+00
306010080 0.000000e+00
306010081 0.000000e+00
306010082 0.000000e+00
306010083 0.000000e+00
306010084 0.000000e+00
306010085 0.000000e+00
306010086 0.000000e+00
306010087 0.000000e+00
306011088 0.000000e+00
306011089 0.000000e+00
306011090 0.000000e+00
306011091 0.000000e+00
306011092 0.000000e+00
306011093 0.000000e+00
306011094 0.000000e+00
306011095 0.000000e+00
307000000 0.000000e+00
307000001 0.000000e+00
307000002 0.000000e+00
307000003 0.000000e+00
307000004 0.000000e+00
307000005 0.000000e+00
307000006 0.000000e+00
307000007 0.000000e+00
307001008 0.000000e+00
307001009 0.000000e+00
307001010 0.000000e+00
307001011 0.000000e+00
307001012 0.000000e+00
307001013 0.000000e+00
307001014 0.000000e+00
307001015 0.000000e+00
307002016 0.000000e+00
307002017 0.000000e+00
307002018 0.000000e+00
307002019 0.000000e+00
307002020 0.000000e+00
307002021 0.000000e+00
307002022 0.000000e+00
307002023 0.000000e+00
307003024 0.000000e+00
307003025 0.000000e+00
307003026 0.000000e+00
307003027 0.000000e+00
307003028 0.000000e+00
307003029 0.000000e+00
307003030 0.000000e+00
307003031 0.000000e+00
307004032 0.000000e+00
307004033 0.000000e+00
307004034 0.000000e+00
307004035 0.000000e+00
307004036 0.000000e+00
307004037 0.000000e+00
307004038 0.000000e+00
307004039 0.000000e+00
307005040 0.000000e+00
307005041 0.000000e+00
307005042 0.000000e+00
307005043 0.000000e+00
307005044 0.000000e+00
307005045 0.000000e+00
307005046 0.000000e+00
307005047 0.000000e+00
307006048 0.000000e+00
307006049 0.000000e+00
307006050 0.000000e+00
307006051 0.000000e+00
307006052 0.000000e+00
307006053 0.000000e+00
307006054 0.000000e+00
307006055 0.000000e+00
307007056 0.000000e+00
307007057 0.000000e+00
307007058 0.000000e+00
307007059 0.000000e+00
307007060 0.000000e+00
307007061 0.000000e+00
307007062 0.000000e+00
307007063 0.000000e+00
307008064 0.000000e+00
307008065 0.000000e+00
307008066 0.000000e+00
307008067 0.000000e+00
307008068 0.000000e+00
307008069 0.000000e+00
307008070 0.000000e+00
307008071 0.000000e+00
307009072 0.000000e+00
307009073 0.000000e+00
307009074 0.000000e+00
307009075 0.000000e+00
307009076 0.000000e+00
307009077 0.000000e+00
307009078 0.000000e+00
307009079 0.000000e+00
307010080 0.000000e+00
307010081 0.000000e+00
307010082 0.000000e+00
307010083 0.000000e+00
307010084 0.000000e+00
307010085 0.000000e+00
307010086 0.000000e+00
307010087 0.000000e+00
307011088 0.000000e+00
307011089 0.000000e+00
307011090 0.000000e+00
307011091 0.000000e+00
307011092 0.000000e+00
307011093 0.000000e+00
307011094 0.000000e+00
307011095 0.000000e+00
406000000 0.000000e+00
406000001 0.000000e+00
406000002 0.000000e+00
406000003 0.000000e+00
406000004 0.000000e+00
406000005 0.000000e+00
406000006 0.000000e+00
406000007 0.000000e+00
406001008 0.000000e+00
406001009 0.000000e+00
406001010 0.000000e+00
406001011 0.000000e+00
406001012 0.000000e+00
406001013 0.000000e+00
406001014 0.000000e+00
406001015 0.000000e+00
406002016 0.000000e+00
406002017 0.000000e+00
406002018 0.000000e+00
406002019 0.000000e+00
406002020 0.000000e+00
406002021 0.000000e+00
406002022 0.000000e+00
406002023 0.000000e+00
406003024 0.000000e+00
406003025 0.000000e+00
406003026 0.000000e+00
406003027 0.000000e+00
406003028 0.000000e+00
406003029 0.000000e+00
406003030 0.000000e+00
406003031 0.000000e+00
406004032 0.000000e+00
406004033 0.000000e+00
406004034 0.000000e+00
406004035 0.000000e+00
406004036 0.000000e+00
406004037 0.000000e+00
406004038 0.000000e+00
406004039 0.000000e+00
406005040 0.000000e+00
406005041 0.000000e+00
406005042 0.000000e+00
406005043 0.000000e+00
406005044 0.000000e+00
406005045 0.000000e+00
406005046 0.000000e+00
406005047 0.000000e+00
406006048 0.000000e+00
406006049 0.000000e+00
406006050 0.000000e+00
406006051 0.000000e+00
406006052 0.000000e+00
406006053 0.000000e+00
406006054 0.000000e+00
406006055 0.000000e+00
406007056 0.000000e+00
406007057 0.000000e+00
406007058 0.000000e+00
406007059 0.000000e+00
406007060 0.000000e+00
406007061 0.000000e+00
406007062 0.000000e+00
406007063 0.000000e+00
406008064 0.000000e+00
406008065 0.000000e+00
406008066 0.000000e+00
406008067 0.000000e+00
406008068 0.000000e+00
406008069 0.000000e+00
406008070 0.000000e+00
406008071 0.000000e+00
406009072 0.000000e+00
406009073 0.000000e+00
406009074 0.000000e+00
406009075 0.000000e+00
406009076 0.000000e+00
406009077 0.000000e+00
406009078 0.000000e+00
406009079 0.000000e+00
406010080 0.000000e+00
406010081 0.000000e+00
406010082 0.000000e+00
406010083 0.000000e+00
406010084 0.000000e+00
406010085 0.000000e+00
406010086 0.000000e+00
406010087 0.000000e+00
406011088 0.000000e+00
406011089 0.000000e+00
406011090 0.000000e+00
406011091 0.000000e+00
406011092 0.000000e+00
406011093 0.000000e+00
406011094 0.000000e+00
406011095 0.000000e+00
503000000 0.000000e+00
503000001 0.000000e+00
503000002 0.000000e+00
503000003 0.000000e+00
503000004 0.000000e+00
503000005 0.000000e+00
503000006 0.000000e+00
503000007 0.000000e+00
503001008 0.000000e+00
503001009 0.000000e+00
503001010 0.000000e+00
503001011 0.000000e+00
503001012 0.000000e+00
503001013 0.000000e+00
503001014 0.000000e+00
503001015 0.000000e+00
503002016 0.000000e+00
503002017 0.000000e+00
503002018 0.000000e+00
503002019 0.000000e+00
503002020 0.000000e+00
503002021 0.000000e+00
503002022 0.000000e+00
503002023 0.000000e+00
503003024 0.000000e+00
503003025 0.000000e+00
503003026 0.000000e+00
503003027 0.000000e+00
503003028 0.000000e+00
503003029 0.000000e+00
503003030 0.000000e+00
503003031 0.000000e+00
503004032 0.000000e+00
503004033 0.000000e+00
503004034 0.000000e+00
503004035 0.000000e+00
503004036 0.000000e+00
503004037 0.000000e+00
503004038 0.000000e+00
503004039 0.000000e+00
503005040 0.000000e+00
503005041 0.000000e+00
503005042 0.000000e+00
503005043 0.000000e+00
503005044 0.000000e+00
503005045 0.000000e+00
503005046 0.000000e+00
503005047 0.000000e+00
503006048 0.000000e+00
503006049 0.000000e+00
503006050 0.000000e+00
503006051 0.000000e+00
503006052 0.000000e+00
503006053 0.000000e+00
503006054 0.000000e+00
503006055 0.000000e+00
503007056 0.000000e+00
503007057 0.000000e+00
503007058 0.000000e+00
503007059 0.000000e+00
503007060 0.000000e+00
503007061 0.000000e+00
503007062 0.000000e+00
503007063 0.000000e+00
503008064 0.000000e+00
503008065 0.000000e+00
503008066 0.000000e+00
503008067 0.000000e+00
503008068 0.000000e+00
503008069 0.000000e+00
503008070 0.000000e+00
503008071 0.000000e+00
503009072 0.000000e+00
503009073 0.000000e+00
503009074 0.000000e+00
503009075 0.000000e+00
503009076 0.000000e+00
503009077 0.000000e+00
503009078 0.000000e+00
503009079 0.000000e+00
503010080 0.000000e+00
503010081 0.000000e+00
503010082 0.000000e+00
503010083 0.000000e+00
503010084 0.000000e+00
503010085 0.000000e+00
503010086 0.000000e+00
503010087 0.000000e+00
503011088 0.000000e+00
503011089 0.000000e+00
503011090 0.000000e+00
503011091 0.000000e+00
503011092 0.000000e+00
503011093 0.000000e+00
503011094 0.000000e+00
503011095 0.000000e+00
509000000 0.000000e+00
509000001 0.000000e+00
509000002 0.000000e+00
509000003 0.000000e+00
509000004 0.000000e+00
509000005 0.000000e+00
509000006 0.000000e+00
509000007 0.000000e+00
509001008 0.000000e+00
509001009 0.000000e+00
509001010 0.000000e+00
509001011 0.000000e+00
509001012 0.000000e+00
509001013 0.000000e+00
509001014 0.000000e+00
509001015 0.000000e+00
509002016 0.000000e+00
509002017 0.000000e+00
509002018 0.000000e+00
509002019 0.000000e+00
509002020 0.000000e+00
509002021 0.000000e+00
509002022 0.000000e+00
509002023 0.000000e+00
509003024 0.000000e+00
509003025 0.000000e+00
509003026 0.000000e+00
509003027 0.000000e+00
509003028 0.000000e+00
509003029 0.000000e+00
509003030 0.000000e+00
509003031 0.000000e+00
509004032 0.000000e+00
509004033 0.000000e+00
509004034 0.000000e+00
509004035 0.000000e+00
509004036 0.000000e+00
509004037 0.000000e+00
509004038 0.000000e+00
509004039 0.000000e+00
509005040 0.000000e+00
509005041 0.000000e+00
509005042 0.000000e+00
509005043 0.000000e+00
509005044 0.000000e+00
509005045 0.000000e+00
509005046 0.000000e+00
509005047 0.000000e+00
509006048 0.000000e+00
509006049 0.000000e+00
509006050 0.000000e+00
509006051 0.000000e+00
509006052 0.000000e+00
509006053 0.000000e+00
509006054 0.000000e+00
509006055 0.000000e+00
509007056 0.000000e+00
509007057 0.000000e+00
509007058 0.000000e+00
509007059 0.000000e+00
509007060 0.000000e+00
509007061 0.000000e+00
509007062 0.000000e+00
509007063 0.000000e+00
509008064 0.000000e+00
509008065 0.000000e+00
509008066 0.000000e+00
509008067 0.000000e+00
509008068 0.000000e+00
509008069 0.000000e+00
509008070 0.000000e+00
509008071 0.000000e+00
509009072 0.000000e+00
509009073 0.000000e+00
509009074 0.000000e+00
509009075 0.000000e+00
509009076 0.000000e+00
509009077 0.000000e+00
509009078 0.000000e+00
509009079 0.000000e+00
509010080 0.000000e+00
509010081 0.000000e+00
509010082 0.000000e+00
509010083 0.000000e+00
509010084 0.000000e+00
509010085 0.000000e+00
509010086 0.000000e+00
509010087 0.000000e+00
509011088 0.000000e+00
509011089 0.000000e+00
509011090 0.000000e+00
509011091 0.000000e+00
509011092 0.000000e+00
509011093 0.000000e+00
509011094 0.000000e+00
509011095 0.000000e+00
