001000000 0.000000e+00
001000001 0.000000e+00
001000002 0.000000e+00
001000003 0.000000e+00
001000004 0.000000e+00
001000005 0.000000e+00
001000006 0.000000e+00
001000007 0.000000e+00
001001008 0.000000e+00
001001009 0.000000e+00
001001010 0.000000e+00
001001011 0.000000e+00
001001012 0.000000e+00
001001013 0.000000e+00
001001014 0.000000e+00
001001015 0.000000e+00
001002016 0.000000e+00
001002017 0.000000e+00
001002018 0.000000e+00
001002019 0.000000e+00
001002020 0.000000e+00
001002021 0.000000e+00
001002022 0.000000e+00
001002023 0.000000e+00
001003024 0.000000e+00
001003025 0.000000e+00
001003026 0.000000e+00
001003027 0.000000e+00
001003028 0.000000e+00
001003029 0.000000e+00
001003030 0.000000e+00
001003031 0.000000e+00
001004032 0.000000e+00
001004033 0.000000e+00
001004034 0.000000e+00
001004035 0.000000e+00
001004036 0.000000e+00
001004037 0.000000e+00
001004038 0.000000e+00
001004039 0.000000e+00
001005040 0.000000e+00
001005041 0.000000e+00
001005042 0.000000e+00
001005043 0.000000e+00
001005044 0.000000e+00
001005045 0.000000e+00
001005046 0.000000e+00
001005047 0.000000e+00
001006048 0.000000e+00
001006049 0.000000e+00
001006050 0.000000e+00
001006051 0.000000e+00
001006052 0.000000e+00
001006053 0.000000e+00
001006054 0.000000e+00
001006055 0.000000e+00
001007056 0.000000e+00
001007057 0.000000e+00
001007058 0.000000e+00
001007059 0.000000e+00
001007060 0.000000e+00
001007061 0.000000e+00
001007062 0.000000e+00
001007063 0.000000e+00
001008064 0.000000e+00
001008065 0.000000e+00
001008066 0.000000e+00
001008067 0.000000e+00
001008068 0.000000e+00
001008069 0.000000e+00
001008070 0.000000e+00
001008071 0.000000e+00
001009072 0.000000e+00
001009073 0.000000e+00
001009074 0.000000e+00
001009075 0.000000e+00
001009076 0.000000e+00
001009077 0.000000e+00
001009078 0.000000e+00
001009079 0.000000e+00
001010080 0.000000e+00
001010081 0.000000e+00
001010082 0.000000e+00
001010083 0.000000e+00
001010084 0.000000e+00
001010085 0.000000e+00
001010086 0.000000e+00
001010087 0.000000e+00
001011088 0.000000e+00
001011089 0.000000e+00
001011090 0.000000e+00
001011091 0.000000e+00
001011092 0.000000e+00
001011093 0.000000e+00
001011094 0.000000e+00
001011095 0.000000e+00
002000000 -1.355508e-27
002000001 1.735873e-26
002000002 -9.062142e-12
002000003 3.750978e-10
002000004 3.298782e-10
002000005 2.845174e-10
002000006 -6.350723e-10
002000007 3.546299e-10
002001008 -1.060967e-09
002001009 1.877714e-10
002001010 4.029147e-11
002001011 -3.326077e-10
002001012 -6.142040e-09
002001013 -5.127561e-09
002001014 -5.251819e-09
002001015 -4.693428e-09
002002016 6.521086e-10
002002017 1.508370e-09
002002018 -2.350710e-11
002002019 1.035131e-09
002002020 -8.485644e-09
002002021 -4.774356e-09
002002022 -5.979995e-09
002002023 -3.596800e-09
002003024 -1.119821e-11
002003025 8.765892e-10
002003026 -2.962059e-10
002003027 1.220545e-09
002003028 -5.105927e-09
002003029 -5.561231e-09
002003030 -4.284338e-09
002003031 -5.312163e-09
002004032 -5.660951e-09
002004033 8.527092e-10
002004034 0.000000e+00
002004035 -4.846216e-09
002004036 -7.025135e-10
002004037 5.399673e-10
002004038 -8.259799e-10
002004039 -2.573284e-10
002005040 -1.396287e-09
002005041 -1.313327e-10
002005042 -1.266320e-09
002005043 -1.164832e-10
002005044 -6.380358e-09
002005045 -4.946368e-09
002005046 -5.560216e-09
002005047 -5.344032e-09
002006048 -1.691453e-10
002006049 -4.284271e-09
002006050 -3.240411e-10
002006051 1.029354e-09
002006052 -6.010799e-11
002006053 9.110811e-10
002006054 -5.133410e-09
002006055 -4.356613e-09
002007056 -5.513642e-09
002007057 -4.764706e-09
002007058 -5.789100e-09
002007059 -4.301686e-09
002007060 6.286127e-10
002007061 -4.399313e-09
002007062 -6.182142e-09
002007063 1.391424e-09
002008064 6.232556e-11
002008065 6.247912e-10
002008066 2.375195e-10
002008067 7.155576e-10
002008068 -1.350073e-09
002008069 -3.142715e-10
002008070 -7.688364e-10
002008071 -4.948131e-10
002009072 -5.705212e-09
002009073 -5.023998e-09
002009074 -6.055807e-09
002009075 -4.903793e-09
002009076 -5.940533e-09
002009077 -4.810594e-09
002009078 -5.976466e-09
002009079 -5.647585e-09
002010080 -6.014599e-09
002010081 1.010504e-09
002010082 -8.393647e-10
002010083 1.173686e-09
002010084 8.294441e-10
002010085 9.555412e-10
002010086 -2.364967e-09
002010087 -1.577448e-09
002011088 -5.313156e-09
002011089 -4.778379e-09
002011090 -6.158420e-09
002011091 -4.652050e-09
002011092 -2.323129e-09
002011093 -2.944997e-09
002011094 -6.392199e-10
002011095 -1.911826e-09
003000000 1.547017e-26
003000001 -2.083818e-26
003000002 1.866322e-10
003000003 1.623151e-09
003000004 3.105747e-11
003000005 1.217452e-09
003000006 9.538295e-10
003000007 8.112334e-10
003001008 2.370049e-10
003001009 1.422063e-09
003001010 1.416366e-09
003001011 5.949321e-10
003001012 4.269408e-10
003001013 2.312456e-09
003001014 2.578809e-10
003001015 1.348757e-09
003002016 -8.046043e-11
003002017 1.530865e-09
003002018 1.215808e-09
003002019 2.582008e-09
003002020 1.466772e-09
003002021 2.565639e-09
003002022 3.010752e-10
003002023 1.820399e-09
003003024 6.216056e-10
003003025 2.354804e-09
003003026 7.014432e-10
003003027 2.106717e-09
003003028 3.539148e-10
003003029 8.940610e-10
003003030 4.329912e-10
003003031 1.407501e-09
003004032 4.597435e-10
003004033 1.556543e-09
003004034 7.741017e-10
003004035 1.619243e-09
003004036 5.668496e-10
003004037 3.774417e-09
003004038 9.929078e-10
003004039 1.625681e-09
003005040 3.530337e-10
003005041 2.524610e-09
003005042 5.590294e-09
003005043 9.060876e-09
003005044 1.202813e-09
003005045 3.842650e-09
003005046 1.167873e-09
003005047 2.602202e-09
003006048 5.034998e-10
003006049 1.673125e-09
003006050 1.182844e-10
003006051 2.153662e-09
003006052 7.911214e-10
003006053 1.530878e-09
003006054 2.797434e-10
003006055 1.461233e-09
003007056 6.173969e-10
003007057 2.554131e-09
003007058 5.233253e-10
003007059 1.586542e-09
003007060 9.079114e-10
003007061 1.549485e-09
003007062 6.209575e-10
003007063 6.894412e-10
003008064 1.120165e-09
003008065 1.318563e-09
003008066 8.631683e-10
003008067 1.036407e-09
003008068 6.435325e-09
003008069 6.025137e-09
003008070 6.081071e-09
003008071 6.728007e-09
003009072 -5.648636e-10
003009073 6.423112e-10
003009074 5.468167e-10
003009075 1.248051e-09
003009076 5.867407e-10
003009077 1.829675e-09
003009078 7.485819e-10
003009079 1.461761e-09
003010080 1.184208e-10
003010081 1.734427e-09
003010082 -2.722149e-10
003010083 1.025361e-09
003010084 6.018571e-10
003010085 6.999269e-10
003010086 -3.432934e-10
003010087 1.814861e-09
003011088 -4.472957e-10
003011089 7.182906e-10
003011090 -6.450942e-10
003011091 2.349936e-09
003011092 6.004967e-09
003011093 5.718113e-09
003011094 4.709641e-09
003011095 5.877986e-09
004000000 8.899476e-27
004000001 -6.471315e-27
004000002 -4.273056e-10
004000003 5.152256e-10
004000004 5.876225e-09
004000005 -4.953570e-09
004000006 5.122066e-09
004000007 4.610524e-12
004001008 5.540784e-09
004001009 4.785967e-10
004001010 -1.540312e-09
004001011 1.344770e-10
004001012 -1.353787e-09
004001013 8.364524e-10
004001014 -4.726492e-09
004001015 -4.704429e-09
004002016 5.882887e-09
004002017 -5.532239e-09
004002018 5.025800e-09
004002019 -8.882416e-10
004002020 5.512326e-09
004002021 8.481357e-10
004002022 5.910261e-09
004002023 6.493913e-10
004003024 0.000000e+00
004003025 0.000000e+00
004003026 5.163120e-09
004003027 4.960032e-10
004003028 5.803505e-09
004003029 1.417057e-09
004003030 5.632887e-09
004003031 5.449278e-10
004004032 5.263901e-09
004004033 -5.178412e-09
004004034 5.932093e-09
004004035 1.673026e-10
004004036 4.858686e-09
004004037 -5.351201e-09
004004038 -5.267196e-09
004004039 -5.137630e-09
004005040 4.507676e-09
004005041 -7.652636e-10
004005042 5.001623e-09
004005043 -5.603003e-10
004005044 5.577317e-09
004005045 8.526146e-10
004005046 -5.150218e-09
004005047 1.376056e-09
004006048 -1.662993e-10
004006049 5.336490e-12
004006050 5.475354e-09
004006051 -6.725012e-09
004006052 6.061931e-09
004006053 4.243679e-10
004006054 0.000000e+00
004006055 0.000000e+00
004007056 5.843554e-09
004007057 6.738168e-10
004007058 5.918656e-09
004007059 2.536998e-10
004007060 5.468722e-09
004007061 5.058894e-10
004007062 6.112821e-09
004007063 -5.357840e-09
004008064 0.000000e+00
004008065 0.000000e+00
004008066 4.614511e-09
004008067 -3.471261e-10
004008068 5.197104e-09
004008069 3.272870e-10
004008070 4.854832e-09
004008071 -4.497117e-10
004009072 6.423256e-09
004009073 2.313859e-09
004009074 5.778738e-09
004009075 1.341541e-09
004009076 5.950352e-09
004009077 1.301235e-09
004009078 6.318121e-09
004009079 9.913784e-10
004010080 6.080413e-09
004010081 1.231800e-09
004010082 6.301174e-09
004010083 9.750067e-10
004010084 6.079979e-09
004010085 2.135664e-09
004010086 5.880491e-09
004010087 1.146031e-09
004011088 0.000000e+00
004011089 0.000000e+00
004011090 5.862127e-09
004011091 1.662731e-09
004011092 5.923324e-09
004011093 1.223759e-09
004011094 3.180387e-09
004011095 -1.384518e-09
005000000 5.249912e-26
005000001 1.451903e-26
005000002 8.252992e-10
005000003 8.064637e-10
005000004 6.768874e-10
005000005 9.305702e-10
005000006 1.986507e-09
005000007 1.060098e-09
005001008 3.936710e-10
005001009 2.047722e-10
005001010 5.149178e-10
005001011 -2.911063e-10
005001012 1.271335e-11
005001013 5.258840e-10
005001014 5.774084e-10
005001015 9.759508e-10
005002016 9.115699e-10
005002017 4.465503e-10
005002018 1.683436e-09
005002019 5.972732e-10
005002020 1.184606e-09
005002021 1.097865e-09
005002022 -5.068788e-11
005002023 1.042812e-09
005003024 2.281447e-10
005003025 1.725994e-09
005003026 -3.074123e-10
005003027 -4.620208e-10
005003028 1.033744e-09
005003029 9.754324e-10
005003030 0.000000e+00
005003031 0.000000e+00
005004032 5.871406e-10
005004033 1.016573e-09
005004034 1.923025e-09
005004035 1.334218e-09
005004036 3.613692e-10
005004037 1.854066e-09
005004038 1.058982e-09
005004039 1.715918e-09
005005040 8.402737e-10
005005041 7.529331e-10
005005042 9.489465e-10
005005043 9.613790e-10
005005044 4.430409e-10
005005045 1.134047e-09
005005046 7.203390e-10
005005047 8.582881e-10
005006048 1.777347e-10
005006049 6.028707e-10
005006050 -4.292127e-10
005006051 -9.250508e-10
005006052 -1.215139e-10
005006053 -8.898373e-10
005006054 7.569741e-10
005006055 1.433905e-09
005007056 1.780607e-10
005007057 2.590308e-09
005007058 1.579020e-09
005007059 1.296641e-09
005007060 9.611314e-10
005007061 1.475368e-09
005007062 9.159481e-10
005007063 1.491514e-09
005008064 1.666585e-09
005008065 2.912393e-10
005008066 1.890956e-09
005008067 3.705381e-10
005008068 1.372556e-09
005008069 7.417647e-10
005008070 1.644894e-09
005008071 1.034364e-09
005009072 2.645504e-09
005009073 1.808176e-09
005009074 2.285158e-10
005009075 7.908428e-10
005009076 1.311831e-09
005009077 3.210864e-10
005009078 1.496210e-09
005009079 8.765020e-10
005010080 3.107177e-10
005010081 7.047871e-10
005010082 -7.438934e-10
005010083 -1.352680e-09
005010084 -6.568524e-10
005010085 -1.809097e-10
005010086 -7.709184e-10
005010087 -1.067800e-09
005011088 1.401536e-09
005011089 9.370932e-10
005011090 1.280871e-09
005011091 1.302742e-09
005011092 -2.363209e-09
005011093 -2.429358e-09
005011094 1.408900e-09
005011095 4.817978e-10
006000000 1.479584e-26
006000001 5.098092e-27
006000002 -5.089826e-10
006000003 8.526981e-11
006000004 7.275877e-10
006000005 8.052573e-11
006000006 -4.877743e-10
006000007 9.957947e-10
006001008 5.026743e-10
006001009 -5.891991e-10
006001010 -4.750368e-10
006001011 3.446896e-10
006001012 -9.150272e-11
006001013 -2.503800e-11
006001014 2.193398e-10
006001015 -2.321058e-10
006002016 -1.873066e-10
006002017 1.867539e-10
006002018 3.471013e-10
006002019 5.076508e-10
006002020 -1.250452e-09
006002021 6.717305e-11
006002022 -6.117273e-10
006002023 -5.381939e-10
006003024 -7.571243e-10
006003025 -1.685504e-10
006003026 -2.171814e-10
006003027 3.780998e-10
006003028 -1.218183e-09
006003029 -1.373906e-10
006003030 1.213495e-10
006003031 2.256899e-10
006004032 3.793105e-10
006004033 1.719949e-10
006004034 -2.836400e-10
006004035 1.820129e-10
006004036 -5.640746e-10
006004037 4.256354e-10
006004038 -4.097817e-11
006004039 -4.233117e-11
006005040 1.296500e-10
006005041 5.824122e-11
006005042 7.179020e-10
006005043 9.480698e-10
006005044 -7.889892e-10
006005045 2.469463e-10
006005046 6.502860e-10
006005047 5.450584e-10
006006048 8.959229e-10
006006049 6.253561e-10
006006050 -7.159832e-10
006006051 1.186353e-09
006006052 -2.663901e-10
006006053 7.897335e-10
006006054 9.475336e-11
006006055 5.367125e-11
006007056 -9.683323e-10
006007057 1.831594e-10
006007058 -1.053380e-09
006007059 -1.105500e-09
006007060 8.325750e-11
006007061 -3.010330e-12
006007062 2.178118e-10
006007063 3.664534e-10
006008064 6.816949e-10
006008065 7.760697e-10
006008066 -6.585071e-11
006008067 8.452603e-10
006008068 -2.824782e-10
006008069 4.305831e-10
006008070 1.695756e-09
006008071 8.265041e-10
006009072 3.654903e-10
006009073 6.880215e-10
006009074 1.685801e-09
006009075 3.184809e-10
006009076 -6.566187e-09
006009077 9.358187e-10
006009078 -3.842022e-10
006009079 -7.681855e-10
006010080 7.585982e-10
006010081 1.497941e-11
006010082 4.906133e-10
006010083 5.208797e-10
006010084 -1.541616e-09
006010085 -6.772916e-10
006010086 -7.430342e-10
006010087 -9.664226e-10
006011088 -7.393777e-10
006011089 -7.588130e-10
006011090 -1.193862e-09
006011091 -1.405036e-09
006011092 2.600216e-10
006011093 3.388992e-10
006011094 6.555755e-10
006011095 6.465108e-10
007000000 -1.919370e-26
007000001 -1.613396e-26
007000002 1.024114e-08
007000003 8.275447e-09
007000004 -1.406106e-10
007000005 7.129154e-09
007000006 8.704060e-09
007000007 2.257515e-10
007001008 2.183431e-10
007001009 8.461241e-09
007001010 -1.206952e-10
007001011 8.509080e-10
007001012 -1.631545e-10
007001013 8.377057e-09
007001014 9.160065e-09
007001015 7.948960e-10
007002016 8.667092e-09
007002017 7.227163e-11
007002018 4.865315e-10
007002019 9.440807e-11
007002020 4.996852e-10
007002021 8.468725e-09
007002022 5.355859e-10
007002023 7.650575e-09
007003024 4.699450e-10
007003025 8.248179e-09
007003026 5.148086e-09
007003027 5.231986e-09
007003028 5.514651e-09
007003029 5.347645e-09
007003030 -1.014092e-10
007003031 1.622950e-10
007004032 -3.217549e-11
007004033 -4.654008e-10
007004034 6.573274e-09
007004035 2.108844e-10
007004036 8.320988e-09
007004037 1.010544e-10
007004038 3.555545e-10
007004039 3.599955e-10
007005040 8.442039e-09
007005041 -1.276995e-10
007005042 8.394954e-09
007005043 8.090040e-09
007005044 6.358482e-10
007005045 7.928051e-09
007005046 6.175985e-09
007005047 7.687911e-09
007006048 6.031423e-09
007006049 5.859419e-09
007006050 5.492229e-09
007006051 6.346506e-09
007006052 5.822018e-09
007006053 5.829257e-09
007006054 5.448471e-09
007006055 5.773991e-09
007007056 -2.382269e-10
007007057 2.147518e-10
007007058 4.832789e-10
007007059 1.364704e-10
007007060 5.092490e-10
007007061 1.874463e-10
007007062 6.186064e-10
007007063 1.303382e-10
007008064 7.220923e-09
007008065 -6.560843e-11
007008066 -1.526360e-09
007008067 3.992033e-10
007008068 0.000000e+00
007008069 0.000000e+00
007008070 8.394944e-09
007008071 1.793710e-10
007009072 5.137543e-09
007009073 5.615643e-09
007009074 1.779718e-10
007009075 2.474131e-10
007009076 8.255227e-09
007009077 7.819349e-09
007009078 5.696739e-09
007009079 7.362715e-09
007010080 5.636628e-09
007010081 6.890226e-09
007010082 5.958204e-09
007010083 5.770327e-09
007010084 6.034604e-09
007010085 5.908324e-09
007010086 5.415775e-09
007010087 5.768982e-09
007011088 5.393958e-09
007011089 5.860269e-09
007011090 1.709330e-10
007011091 -8.072422e-12
007011092 5.034365e-09
007011093 5.037107e-09
007011094 5.317097e-09
007011095 5.964300e-09
011000000 0.000000e+00
011000001 0.000000e+00
011000002 0.000000e+00
011000003 0.000000e+00
011000004 0.000000e+00
011000005 0.000000e+00
011000006 0.000000e+00
011000007 0.000000e+00
011001008 0.000000e+00
011001009 0.000000e+00
011001010 0.000000e+00
011001011 0.000000e+00
011001012 0.000000e+00
011001013 0.000000e+00
011001014 0.000000e+00
011001015 0.000000e+00
011002016 0.000000e+00
011002017 0.000000e+00
011002018 0.000000e+00
011002019 0.000000e+00
011002020 0.000000e+00
011002021 0.000000e+00
011002022 0.000000e+00
011002023 0.000000e+00
011003024 0.000000e+00
011003025 0.000000e+00
011003026 0.000000e+00
011003027 0.000000e+00
011003028 0.000000e+00
011003029 0.000000e+00
011003030 0.000000e+00
011003031 0.000000e+00
011004032 0.000000e+00
011004033 0.000000e+00
011004034 0.000000e+00
011004035 0.000000e+00
011004036 0.000000e+00
011004037 0.000000e+00
011004038 0.000000e+00
011004039 0.000000e+00
011005040 0.000000e+00
011005041 0.000000e+00
011005042 0.000000e+00
011005043 0.000000e+00
011005044 0.000000e+00
011005045 0.000000e+00
011005046 0.000000e+00
011005047 0.000000e+00
011006048 0.000000e+00
011006049 0.000000e+00
011006050 0.000000e+00
011006051 0.000000e+00
011006052 0.000000e+00
011006053 0.000000e+00
011006054 0.000000e+00
011006055 0.000000e+00
011007056 0.000000e+00
011007057 0.000000e+00
011007058 0.000000e+00
011007059 0.000000e+00
011007060 0.000000e+00
011007061 0.000000e+00
011007062 0.000000e+00
011007063 0.000000e+00
011008064 0.000000e+00
011008065 0.000000e+00
011008066 0.000000e+00
011008067 0.000000e+00
011008068 0.000000e+00
011008069 0.000000e+00
011008070 0.000000e+00
011008071 0.000000e+00
011009072 0.000000e+00
011009073 0.000000e+00
011009074 0.000000e+00
011009075 0.000000e+00
011009076 0.000000e+00
011009077 0.000000e+00
011009078 0.000000e+00
011009079 0.000000e+00
011010080 0.000000e+00
011010081 0.000000e+00
011010082 0.000000e+00
011010083 0.000000e+00
011010084 0.000000e+00
011010085 0.000000e+00
011010086 0.000000e+00
011010087 0.000000e+00
011011088 0.000000e+00
011011089 0.000000e+00
011011090 0.000000e+00
011011091 0.000000e+00
011011092 0.000000e+00
011011093 0.000000e+00
011011094 0.000000e+00
011011095 0.000000e+00
013000000 0.000000e+00
013000001 0.000000e+00
013000002 0.000000e+00
013000003 0.000000e+00
013000004 0.000000e+00
013000005 0.000000e+00
013000006 0.000000e+00
013000007 0.000000e+00
013001008 0.000000e+00
013001009 0.000000e+00
013001010 0.000000e+00
013001011 0.000000e+00
013001012 0.000000e+00
013001013 0.000000e+00
013001014 0.000000e+00
013001015 0.000000e+00
013002016 0.000000e+00
013002017 0.000000e+00
013002018 0.000000e+00
013002019 0.000000e+00
013002020 0.000000e+00
013002021 0.000000e+00
013002022 0.000000e+00
013002023 0.000000e+00
013003024 0.000000e+00
013003025 0.000000e+00
013003026 0.000000e+00
013003027 0.000000e+00
013003028 0.000000e+00
013003029 0.000000e+00
013003030 0.000000e+00
013003031 0.000000e+00
013004032 0.000000e+00
013004033 0.000000e+00
013004034 0.000000e+00
013004035 0.000000e+00
013004036 0.000000e+00
013004037 0.000000e+00
013004038 0.000000e+00
013004039 0.000000e+00
013005040 0.000000e+00
013005041 0.000000e+00
013005042 0.000000e+00
013005043 0.000000e+00
013005044 0.000000e+00
013005045 0.000000e+00
013005046 0.000000e+00
013005047 0.000000e+00
013006048 0.000000e+00
013006049 0.000000e+00
013006050 0.000000e+00
013006051 0.000000e+00
013006052 0.000000e+00
013006053 0.000000e+00
013006054 0.000000e+00
013006055 0.000000e+00
013007056 0.000000e+00
013007057 0.000000e+00
013007058 0.000000e+00
013007059 0.000000e+00
013007060 0.000000e+00
013007061 0.000000e+00
013007062 0.000000e+00
013007063 0.000000e+00
013008064 0.000000e+00
013008065 0.000000e+00
013008066 0.000000e+00
013008067 0.000000e+00
013008068 0.000000e+00
013008069 0.000000e+00
013008070 0.000000e+00
013008071 0.000000e+00
013009072 0.000000e+00
013009073 0.000000e+00
013009074 0.000000e+00
013009075 0.000000e+00
013009076 0.000000e+00
013009077 0.000000e+00
013009078 0.000000e+00
013009079 0.000000e+00
013010080 0.000000e+00
013010081 0.000000e+00
013010082 0.000000e+00
013010083 0.000000e+00
013010084 0.000000e+00
013010085 0.000000e+00
013010086 0.000000e+00
013010087 0.000000e+00
013011088 0.000000e+00
013011089 0.000000e+00
013011090 0.000000e+00
013011091 0.000000e+00
013011092 0.000000e+00
013011093 0.000000e+00
013011094 0.000000e+00
013011095 0.000000e+00
017000000 4.240707e-26
017000001 -5.174324e-26
017000002 5.609738e-09
017000003 5.200363e-09
017000004 4.967282e-09
017000005 5.424528e-09
017000006 5.107766e-09
017000007 4.897894e-09
017001008 5.037333e-09
017001009 5.160249e-09
017001010 5.535352e-09
017001011 5.146121e-09
017001012 5.512542e-09
017001013 5.032442e-09
017001014 5.672037e-09
017001015 5.561627e-09
017002016 7.996217e-10
017002017 3.584026e-10
017002018 6.023327e-09
017002019 5.677374e-09
017002020 6.132167e-09
017002021 6.195961e-09
017002022 5.625237e-09
017002023 5.948462e-09
017003024 1.056744e-09
017003025 8.336745e-10
017003026 5.525118e-09
017003027 5.345786e-09
017003028 4.118259e-09
017003029 4.166782e-09
017003030 4.864293e-09
017003031 5.823443e-09
017004032 1.205086e-09
017004033 7.887265e-10
017004034 4.598927e-10
017004035 1.466294e-09
017004036 5.507866e-09
017004037 6.218541e-09
017004038 5.591128e-09
017004039 5.541498e-09
017005040 9.164006e-10
017005041 9.473769e-10
017005042 5.733769e-09
017005043 5.793423e-09
017005044 6.069799e-09
017005045 5.866618e-09
017005046 5.809163e-09
017005047 5.791631e-09
017006048 9.740267e-10
017006049 1.238637e-09
017006050 4.866755e-09
017006051 5.049508e-09
017006052 4.742283e-09
017006053 5.391429e-09
017006054 5.235771e-09
017006055 4.879511e-09
017007056 1.801321e-09
017007057 5.524388e-10
017007058 5.428311e-09
017007059 6.131599e-09
017007060 6.153928e-09
017007061 6.218271e-09
017007062 5.728850e-09
017007063 6.344923e-09
017008064 1.569395e-09
017008065 1.116806e-09
017008066 0.000000e+00
017008067 0.000000e+00
017008068 5.810348e-09
017008069 5.935718e-09
017008070 5.950150e-09
017008071 5.597075e-09
017009072 1.283598e-09
017009073 1.094587e-09
017009074 1.163736e-09
017009075 5.364292e-10
017009076 0.000000e+00
017009077 0.000000e+00
017009078 6.081855e-09
017009079 6.110084e-09
017010080 1.281048e-09
017010081 1.348677e-09
017010082 1.045355e-10
017010083 3.000106e-10
017010084 5.718963e-09
017010085 4.848585e-09
017010086 0.000000e+00
017010087 0.000000e+00
017011088 3.741396e-10
017011089 4.336800e-10
017011090 1.413818e-09
017011091 1.816839e-09
017011092 6.105731e-09
017011093 6.190781e-09
017011094 6.215234e-09
017011095 6.360899e-09
021000000 3.800181e-27
021000001 -4.059395e-26
021000002 0.000000e+00
021000003 0.000000e+00
021000004 0.000000e+00
021000005 0.000000e+00
021000006 5.192848e-09
021000007 5.151331e-09
021001008 -2.321458e-10
021001009 4.007126e-11
021001010 8.098894e-10
021001011 -7.688703e-10
021001012 6.225197e-09
021001013 5.580773e-09
021001014 5.669679e-09
021001015 5.275738e-09
021002016 2.083717e-11
021002017 -1.645726e-10
021002018 8.465322e-10
021002019 2.198894e-10
021002020 5.435623e-09
021002021 5.221949e-09
021002022 5.463831e-09
021002023 5.324682e-09
021003024 5.127095e-10
021003025 5.828742e-10
021003026 4.281272e-10
021003027 1.783546e-10
021003028 5.388959e-09
021003029 4.530697e-09
021003030 5.512888e-09
021003031 5.498169e-09
021004032 4.763440e-09
021004033 5.119615e-09
021004034 5.581491e-09
021004035 5.385050e-09
021004036 5.386848e-09
021004037 4.786827e-09
021004038 5.319260e-09
021004039 4.886583e-09
021005040 5.590270e-09
021005041 4.944119e-09
021005042 4.934607e-09
021005043 5.102217e-09
021005044 5.296652e-09
021005045 5.074907e-09
021005046 3.988904e-09
021005047 5.063893e-09
021006048 5.134642e-09
021006049 5.293116e-09
021006050 3.197670e-09
021006051 3.337392e-09
021006052 5.126857e-09
021006053 4.892235e-09
021006054 5.692057e-09
021006055 4.819901e-09
021007056 5.816586e-10
021007057 2.746196e-10
021007058 5.370405e-09
021007059 4.695022e-09
021007060 0.000000e+00
021007061 0.000000e+00
021007062 5.362454e-09
021007063 5.323171e-09
021008064 4.979169e-09
021008065 4.128394e-09
021008066 7.541266e-10
021008067 1.401178e-09
021008068 4.886031e-09
021008069 4.988168e-09
021008070 5.236983e-09
021008071 4.116290e-09
021009072 4.492295e-09
021009073 4.054255e-09
021009074 4.707002e-09
021009075 4.537469e-09
021009076 3.539847e-09
021009077 4.669343e-09
021009078 3.633813e-09
021009079 4.493599e-09
021010080 3.957444e-09
021010081 3.727748e-09
021010082 2.570792e-09
021010083 2.723359e-09
021010084 2.731888e-09
021010085 2.596255e-09
021010086 3.937458e-09
021010087 3.816918e-09
021011088 3.757148e-09
021011089 3.783684e-09
021011090 4.588336e-09
021011091 4.991678e-09
021011092 6.073530e-09
021011093 3.970646e-09
021011094 4.049366e-09
021011095 4.836851e-09
024000000 -1.293558e-27
024000001 2.646458e-27
024000002 2.140119e-11
024000003 3.502798e-10
024000004 9.612660e-10
024000005 3.925704e-10
024000006 -3.180096e-10
024000007 1.377585e-10
024001008 1.348310e-10
024001009 3.412561e-10
024001010 5.542703e-10
024001011 -1.119755e-10
024001012 4.875149e-10
024001013 1.686376e-10
024001014 7.908478e-10
024001015 4.772329e-10
024002016 5.821324e-09
024002017 5.669123e-09
024002018 5.721392e-09
024002019 5.719464e-09
024002020 5.821122e-09
024002021 5.838397e-09
024002022 2.171894e-10
024002023 8.228903e-10
024003024 2.226586e-10
024003025 7.615297e-10
024003026 6.219876e-11
024003027 8.250329e-10
024003028 -1.824382e-10
024003029 4.010767e-10
024003030 2.598807e-10
024003031 1.951427e-10
024004032 5.682809e-10
024004033 9.081953e-10
024004034 1.561694e-10
024004035 5.683975e-10
024004036 4.323496e-10
024004037 1.055904e-09
024004038 5.730694e-09
024004039 5.597817e-09
024005040 0.000000e+00
024005041 0.000000e+00
024005042 5.748752e-09
024005043 5.202042e-09
024005044 1.602061e-10
024005045 1.412831e-09
024005046 2.429228e-10
024005047 7.034231e-10
024006048 4.382267e-10
024006049 5.271464e-10
024006050 2.781395e-10
024006051 5.972446e-10
024006052 2.321179e-10
024006053 6.702696e-10
024006054 7.100579e-10
024006055 4.629377e-10
024007056 5.130766e-10
024007057 6.603742e-10
024007058 5.402543e-10
024007059 4.673784e-10
024007060 2.750776e-10
024007061 8.596712e-10
024007062 3.877794e-10
024007063 4.842070e-10
024008064 1.023092e-09
024008065 1.189085e-09
024008066 7.283578e-10
024008067 1.840968e-09
024008068 5.616222e-09
024008069 5.400054e-09
024008070 5.691738e-09
024008071 5.823347e-09
024009072 5.864438e-09
024009073 5.521696e-09
024009074 5.911990e-09
024009075 5.903431e-09
024009076 5.361514e-10
024009077 1.143159e-09
024009078 5.127034e-10
024009079 1.119976e-09
024010080 6.417090e-10
024010081 7.456301e-10
024010082 7.899066e-10
024010083 5.074440e-10
024010084 6.235026e-10
024010085 1.166691e-09
024010086 7.487468e-10
024010087 1.015460e-09
024011088 1.048866e-09
024011089 1.552730e-09
024011090 5.350333e-10
024011091 1.209688e-09
024011092 1.270419e-09
024011093 1.469590e-09
024011094 8.948483e-10
024011095 8.779455e-10
026000000 1.453129e-26
026000001 -2.337570e-26
026000002 4.153138e-10
026000003 5.156217e-10
026000004 -6.716853e-11
026000005 6.148126e-10
026000006 -2.441591e-10
026000007 6.692603e-10
026001008 2.508891e-11
026001009 4.881129e-10
026001010 -8.841764e-11
026001011 -5.948014e-11
026001012 3.364124e-10
026001013 3.374735e-10
026001014 5.603242e-10
026001015 1.133519e-09
026002016 5.870303e-09
026002017 5.664969e-09
026002018 -7.980485e-11
026002019 1.099095e-09
026002020 2.107487e-10
026002021 5.988536e-10
026002022 -2.024130e-10
026002023 5.804835e-10
026003024 1.049901e-10
026003025 1.059978e-09
026003026 2.000761e-10
026003027 9.185126e-10
026003028 3.639467e-10
026003029 1.161872e-09
026003030 5.592482e-10
026003031 9.212384e-10
026004032 -1.711891e-10
026004033 1.104834e-09
026004034 -4.858202e-10
026004035 5.417462e-10
026004036 5.725917e-09
026004037 5.371277e-09
026004038 5.946298e-09
026004039 6.029505e-09
026005040 6.051529e-09
026005041 6.222814e-09
026005042 3.079650e-10
026005043 7.434539e-10
026005044 3.154553e-10
026005045 1.271502e-09
026005046 5.116704e-09
026005047 0.000000e+00
026006048 3.791476e-10
026006049 1.299721e-09
026006050 -1.968157e-10
026006051 8.286068e-10
026006052 3.890115e-11
026006053 9.677031e-10
026006054 9.569758e-11
026006055 1.115127e-09
026007056 1.366029e-10
026007057 7.742571e-10
026007058 -1.691811e-10
026007059 5.714498e-10
026007060 2.334943e-10
026007061 1.000563e-09
026007062 -2.541785e-10
026007063 5.992443e-10
026008064 7.932916e-09
026008065 8.236656e-09
026008066 7.477796e-09
026008067 8.030908e-09
026008068 7.530101e-09
026008069 7.982979e-09
026008070 1.466267e-09
026008071 2.404436e-09
026009072 1.936909e-09
026009073 2.534889e-09
026009074 1.666479e-09
026009075 2.448495e-09
026009076 1.694508e-09
026009077 2.293110e-09
026009078 1.930155e-09
026009079 2.548896e-09
026010080 2.216638e-09
026010081 2.535334e-09
026010082 6.463938e-09
026010083 6.473385e-09
026010084 6.417634e-09
026010085 6.315668e-09
026010086 1.513067e-09
026010087 2.083673e-09
026011088 1.624911e-09
026011089 1.974239e-09
026011090 1.968414e-09
026011091 1.705886e-09
026011092 1.833693e-09
026011093 2.375689e-09
026011094 1.983227e-09
026011095 2.289117e-09
028000000 0.000000e+00
028000001 0.000000e+00
028000002 0.000000e+00
028000003 0.000000e+00
028000004 0.000000e+00
028000005 0.000000e+00
028000006 0.000000e+00
028000007 0.000000e+00
028001008 0.000000e+00
028001009 0.000000e+00
028001010 0.000000e+00
028001011 0.000000e+00
028001012 0.000000e+00
028001013 0.000000e+00
028001014 0.000000e+00
028001015 0.000000e+00
028002016 0.000000e+00
028002017 0.000000e+00
028002018 0.000000e+00
028002019 0.000000e+00
028002020 0.000000e+00
028002021 0.000000e+00
028002022 0.000000e+00
028002023 0.000000e+00
028003024 0.000000e+00
028003025 0.000000e+00
028003026 0.000000e+00
028003027 0.000000e+00
028003028 0.000000e+00
028003029 0.000000e+00
028003030 0.000000e+00
028003031 0.000000e+00
028004032 0.000000e+00
028004033 0.000000e+00
028004034 0.000000e+00
028004035 0.000000e+00
028004036 0.000000e+00
028004037 0.000000e+00
028004038 0.000000e+00
028004039 0.000000e+00
028005040 0.000000e+00
028005041 0.000000e+00
028005042 0.000000e+00
028005043 0.000000e+00
028005044 0.000000e+00
028005045 0.000000e+00
028005046 0.000000e+00
028005047 0.000000e+00
028006048 0.000000e+00
028006049 0.000000e+00
028006050 0.000000e+00
028006051 0.000000e+00
028006052 0.000000e+00
028006053 0.000000e+00
028006054 0.000000e+00
028006055 0.000000e+00
028007056 0.000000e+00
028007057 0.000000e+00
028007058 0.000000e+00
028007059 0.000000e+00
028007060 0.000000e+00
028007061 0.000000e+00
028007062 0.000000e+00
028007063 0.000000e+00
028008064 0.000000e+00
028008065 0.000000e+00
028008066 0.000000e+00
028008067 0.000000e+00
028008068 0.000000e+00
028008069 0.000000e+00
028008070 0.000000e+00
028008071 0.000000e+00
028009072 0.000000e+00
028009073 0.000000e+00
028009074 0.000000e+00
028009075 0.000000e+00
028009076 0.000000e+00
028009077 0.000000e+00
028009078 0.000000e+00
028009079 0.000000e+00
028010080 0.000000e+00
028010081 0.000000e+00
028010082 0.000000e+00
028010083 0.000000e+00
028010084 0.000000e+00
028010085 0.000000e+00
028010086 0.000000e+00
028010087 0.000000e+00
028011088 0.000000e+00
028011089 0.000000e+00
028011090 0.000000e+00
028011091 0.000000e+00
028011092 0.000000e+00
028011093 0.000000e+00
028011094 0.000000e+00
028011095 0.000000e+00
030000000 0.000000e+00
030000001 0.000000e+00
030000002 2.611943e-26
030000003 -4.046509e-28
030000004 4.108014e-10
030000005 -9.907095e-11
030000006 6.525740e-11
030000007 1.174262e-10
030001008 -4.479880e-10
030001009 7.058172e-11
030001010 -2.710094e-10
030001011 -1.775706e-10
030001012 9.947928e-12
030001013 -2.194657e-11
030001014 2.928928e-10
030001015 2.697652e-10
030002016 2.290812e-10
030002017 -1.136527e-10
030002018 2.980068e-10
030002019 4.718751e-10
030002020 6.920623e-10
030002021 1.721717e-10
030002022 2.487707e-10
030002023 4.623958e-10
030003024 3.869039e-10
030003025 3.015389e-10
030003026 -4.263575e-10
030003027 -8.989988e-10
030003028 -1.079090e-09
030003029 -6.984066e-10
030003030 1.993002e-10
030003031 1.882120e-10
030004032 0.000000e+00
030004033 0.000000e+00
030004034 1.452602e-09
030004035 1.584383e-09
030004036 1.606368e-09
030004037 1.725390e-09
030004038 2.030038e-09
030004039 1.205449e-09
030005040 1.255814e-09
030005041 1.417024e-09
030005042 1.286405e-09
030005043 1.033106e-09
030005044 1.377814e-09
030005045 1.587325e-09
030005046 1.503166e-09
030005047 1.319842e-09
030006048 1.395995e-09
030006049 1.679297e-09
030006050 1.274076e-09
030006051 1.068267e-09
030006052 -2.081455e-10
030006053 3.419453e-10
030006054 -1.559795e-10
030006055 3.888425e-10
030007056 -1.047283e-10
030007057 2.837375e-10
030007058 1.371545e-09
030007059 2.511226e-09
030007060 1.401259e-09
030007061 1.881711e-09
030007062 1.493095e-09
030007063 8.043245e-10
030008064 4.038550e-10
030008065 2.474606e-10
030008066 4.086223e-10
030008067 1.888196e-10
030008068 4.084676e-10
030008069 4.403912e-10
030008070 -9.043422e-11
030008071 -2.848921e-10
030009072 -2.294299e-09
030009073 -2.047484e-09
030009074 1.265389e-10
030009075 -1.917670e-12
030009076 1.458459e-10
030009077 7.971088e-10
030009078 -6.053027e-10
030009079 -1.093180e-10
030010080 7.919106e-12
030010081 -1.016505e-10
030010082 0.000000e+00
030010083 0.000000e+00
030010084 0.000000e+00
030010085 0.000000e+00
030010086 -1.051641e-09
030010087 -1.091306e-09
030011088 -1.519915e-09
030011089 -3.896678e-10
030011090 5.149975e-10
030011091 2.722157e-10
030011092 2.156866e-10
030011093 4.441780e-10
030011094 3.739891e-10
030011095 6.476685e-10
031000000 0.000000e+00
031000001 0.000000e+00
031000002 0.000000e+00
031000003 0.000000e+00
031000004 0.000000e+00
031000005 0.000000e+00
031000006 0.000000e+00
031000007 0.000000e+00
031001008 0.000000e+00
031001009 0.000000e+00
031001010 0.000000e+00
031001011 0.000000e+00
031001012 0.000000e+00
031001013 0.000000e+00
031001014 0.000000e+00
031001015 0.000000e+00
031002016 0.000000e+00
031002017 0.000000e+00
031002018 0.000000e+00
031002019 0.000000e+00
031002020 0.000000e+00
031002021 0.000000e+00
031002022 0.000000e+00
031002023 0.000000e+00
031003024 0.000000e+00
031003025 0.000000e+00
031003026 0.000000e+00
031003027 0.000000e+00
031003028 0.000000e+00
031003029 0.000000e+00
031003030 0.000000e+00
031003031 0.000000e+00
031004032 0.000000e+00
031004033 0.000000e+00
031004034 0.000000e+00
031004035 0.000000e+00
031004036 0.000000e+00
031004037 0.000000e+00
031004038 0.000000e+00
031004039 0.000000e+00
031005040 0.000000e+00
031005041 0.000000e+00
031005042 0.000000e+00
031005043 0.000000e+00
031005044 0.000000e+00
031005045 0.000000e+00
031005046 0.000000e+00
031005047 0.000000e+00
031006048 0.000000e+00
031006049 0.000000e+00
031006050 0.000000e+00
031006051 0.000000e+00
031006052 0.000000e+00
031006053 0.000000e+00
031006054 0.000000e+00
031006055 0.000000e+00
031007056 0.000000e+00
031007057 0.000000e+00
031007058 0.000000e+00
031007059 0.000000e+00
031007060 0.000000e+00
031007061 0.000000e+00
031007062 0.000000e+00
031007063 0.000000e+00
031008064 0.000000e+00
031008065 0.000000e+00
031008066 0.000000e+00
031008067 0.000000e+00
031008068 0.000000e+00
031008069 0.000000e+00
031008070 0.000000e+00
031008071 0.000000e+00
031009072 0.000000e+00
031009073 0.000000e+00
031009074 0.000000e+00
031009075 0.000000e+00
031009076 0.000000e+00
031009077 0.000000e+00
031009078 0.000000e+00
031009079 0.000000e+00
031010080 0.000000e+00
031010081 0.000000e+00
031010082 0.000000e+00
031010083 0.000000e+00
031010084 0.000000e+00
031010085 0.000000e+00
031010086 0.000000e+00
031010087 0.000000e+00
031011088 0.000000e+00
031011089 0.000000e+00
031011090 0.000000e+00
031011091 0.000000e+00
031011092 0.000000e+00
031011093 0.000000e+00
031011094 0.000000e+00
031011095 0.000000e+00
032000000 -1.046408e-27
032000001 2.324188e-26
032000002 7.883355e-10
032000003 3.313581e-10
032000004 4.583495e-09
032000005 4.898117e-09
032000006 4.773646e-09
032000007 4.961780e-09
032001008 1.815949e-10
032001009 -1.133317e-10
032001010 4.876886e-09
032001011 4.641474e-09
032001012 4.837941e-09
032001013 4.607768e-09
032001014 4.258732e-09
032001015 4.989814e-09
032002016 4.549233e-10
032002017 -3.623688e-11
032002018 -1.583265e-09
032002019 -1.321172e-09
032002020 5.851397e-09
032002021 5.424530e-09
032002022 5.497507e-09
032002023 5.330629e-09
032003024 6.014547e-10
032003025 -9.725874e-11
032003026 5.447855e-09
032003027 4.900763e-09
032003028 5.486183e-09
032003029 5.036960e-09
032003030 5.507089e-09
032003031 4.911255e-09
032004032 1.027099e-09
032004033 1.683805e-09
032004034 1.661546e-09
032004035 1.331659e-09
032004036 1.768886e-09
032004037 9.461452e-10
032004038 -1.580901e-10
032004039 -2.465911e-11
032005040 -4.994526e-11
032005041 3.585031e-11
032005042 -3.750194e-10
032005043 -1.177249e-09
032005044 -1.868013e-10
032005045 -2.674003e-10
032005046 6.190261e-09
032005047 5.967556e-09
032006048 1.205556e-09
032006049 0.000000e+00
032006050 3.903418e-10
032006051 4.751860e-10
032006052 1.048885e-09
032006053 8.355279e-10
032006054 1.837162e-09
032006055 1.272019e-09
032007056 1.991639e-09
032007057 7.373645e-10
032007058 9.246795e-10
032007059 1.012093e-09
032007060 2.018493e-09
032007061 1.015251e-09
032007062 1.733776e-09
032007063 5.110502e-10
032008064 1.992011e-09
032008065 1.194067e-09
032008066 1.786120e-09
032008067 9.909193e-10
032008068 -1.220191e-10
032008069 -5.803773e-10
032008070 4.629489e-09
032008071 4.353233e-09
032009072 -2.063337e-10
032009073 1.148972e-11
032009074 1.627081e-09
032009075 1.710298e-09
032009076 7.385996e-10
032009077 1.037044e-09
032009078 1.621983e-09
032009079 8.667656e-10
032010080 1.687460e-09
032010081 1.366515e-09
032010082 9.386080e-10
032010083 2.754599e-10
032010084 1.560867e-09
032010085 9.448298e-10
032010086 1.679618e-09
032010087 7.420081e-10
032011088 1.309069e-09
032011089 1.443638e-09
032011090 1.445675e-09
032011091 3.207950e-10
032011092 1.272336e-09
032011093 1.380150e-09
032011094 5.925301e-09
032011095 5.443918e-09
101000000 -1.264489e-26
101000001 -9.243729e-27
101000002 8.458389e-10
101000003 0.000000e+00
101000004 4.115891e-10
101000005 1.092036e-10
101000006 3.884587e-10
101000007 -7.927079e-11
101001008 -1.154870e-10
101001009 -6.086498e-10
101001010 2.344765e-10
101001011 -6.286975e-10
101001012 3.915434e-10
101001013 -1.451381e-10
101001014 5.473754e-10
101001015 1.316540e-10
101002016 5.472131e-10
101002017 1.888361e-10
101002018 6.576185e-10
101002019 4.547478e-11
101002020 5.605934e-10
101002021 -1.448005e-10
101002022 6.459984e-10
101002023 -2.784463e-11
101003024 2.095655e-10
101003025 4.124406e-11
101003026 3.681802e-10
101003027 7.622960e-10
101003028 5.416797e-10
101003029 1.947267e-10
101003030 6.011448e-10
101003031 4.503450e-10
101004032 -7.905876e-10
101004033 -1.836728e-09
101004034 -1.002946e-09
101004035 -1.416526e-09
101004036 -2.494794e-09
101004037 -3.408316e-09
101004038 -1.640754e-09
101004039 -1.697962e-09
101005040 -1.121615e-09
101005041 -1.360287e-09
101005042 -1.611052e-09
101005043 -2.191196e-09
101005044 -1.516288e-09
101005045 -1.474766e-09
101005046 -1.570633e-09
101005047 -1.793496e-09
101006048 -1.230440e-09
101006049 -1.361466e-09
101006050 -8.030856e-10
101006051 -1.609770e-09
101006052 -1.450780e-09
101006053 -1.716160e-09
101006054 -1.350496e-09
101006055 -1.550199e-09
101007056 -1.190692e-09
101007057 -1.347547e-09
101007058 -2.071016e-09
101007059 -1.699792e-09
101007060 -9.486990e-10
101007061 -1.924745e-09
101007062 -9.561699e-10
101007063 -1.725764e-09
101008064 -7.489365e-10
101008065 -9.000793e-10
101008066 -7.573073e-10
101008067 -9.314754e-10
101008068 -1.016114e-09
101008069 -1.212943e-09
101008070 -6.896620e-10
101008071 -9.398322e-10
101009072 -8.813503e-10
101009073 -1.174419e-09
101009074 6.359520e-10
101009075 3.728855e-11
101009076 1.981234e-10
101009077 3.741323e-10
101009078 -5.502238e-12
101009079 9.043129e-10
101010080 6.518950e-10
101010081 2.634677e-10
101010082 8.644874e-10
101010083 3.918097e-10
101010084 -1.653129e-09
101010085 -2.492399e-09
101010086 -1.805191e-09
101010087 -2.508734e-09
101011088 -2.665705e-09
101011089 -2.129437e-09
101011090 7.890399e-10
101011091 5.908604e-10
101011092 6.664848e-10
101011093 3.280006e-10
101011094 8.978342e-10
101011095 2.636081e-10
103000000 -3.351899e-27
103000001 -2.469503e-26
103000002 4.731525e-10
103000003 6.821949e-10
103000004 4.257557e-10
103000005 6.924182e-10
103000006 -1.421000e-10
103000007 1.631653e-10
103001008 -6.241208e-10
103001009 1.960467e-10
103001010 -4.567858e-10
103001011 9.285260e-11
103001012 3.066231e-11
103001013 1.678082e-10
103001014 5.190012e-11
103001015 6.892871e-10
103002016 6.915469e-09
103002017 6.589688e-09
103002018 9.021219e-09
103002019 6.892456e-09
103002020 7.597963e-09
103002021 6.391621e-09
103002022 5.936223e-09
103002023 5.897493e-09
103003024 5.528942e-09
103003025 5.635571e-09
103003026 -2.188524e-10
103003027 -3.421895e-11
103003028 1.598748e-10
103003029 3.272008e-10
103003030 1.767248e-10
103003031 2.341119e-10
103004032 5.538485e-09
103004033 -5.097550e-10
103004034 6.089303e-10
103004035 -4.312355e-10
103004036 5.928357e-09
103004037 6.449544e-09
103004038 5.724099e-09
103004039 6.061101e-09
103005040 5.751141e-09
103005041 5.595670e-09
103005042 5.032333e-09
103005043 4.861805e-09
103005044 4.222043e-09
103005045 4.880253e-09
103005046 5.300955e-09
103005047 5.828338e-09
103006048 6.005804e-09
103006049 6.120613e-09
103006050 2.554974e-10
103006051 -5.139519e-10
103006052 -6.530127e-11
103006053 -1.112133e-10
103006054 -4.798466e-10
103006055 -1.007080e-10
103007056 -7.310631e-10
103007057 -4.547938e-10
103007058 -3.636059e-10
103007059 -6.511140e-11
103007060 5.719764e-09
103007061 5.795119e-09
103007062 6.166599e-09
103007063 5.629067e-09
103008064 7.941473e-09
103008065 6.280744e-09
103008066 7.645766e-09
103008067 6.083418e-09
103008068 5.619993e-09
103008069 5.784401e-09
103008070 6.376952e-09
103008071 6.384332e-09
103009072 5.589392e-09
103009073 5.470699e-09
103009074 5.776950e-09
103009075 5.876490e-09
103009076 5.416658e-09
103009077 5.920173e-09
103009078 6.449039e-09
103009079 6.791239e-09
103010080 6.719431e-09
103010081 6.214796e-09
103010082 6.655062e-09
103010083 6.611444e-09
103010084 6.617003e-09
103010085 6.380087e-09
103010086 8.924263e-10
103010087 7.495635e-10
103011088 8.872376e-10
103011089 9.971085e-10
103011090 6.078642e-10
103011091 6.115945e-09
103011092 6.143875e-09
103011093 6.117673e-09
103011094 6.751509e-09
103011095 6.648272e-09
201000000 0.000000e+00
201000001 0.000000e+00
201000002 0.000000e+00
201000003 0.000000e+00
201000004 0.000000e+00
201000005 0.000000e+00
201000006 0.000000e+00
201000007 0.000000e+00
201001008 0.000000e+00
201001009 0.000000e+00
201001010 0.000000e+00
201001011 0.000000e+00
201001012 0.000000e+00
201001013 0.000000e+00
201001014 0.000000e+00
201001015 0.000000e+00
201002016 0.000000e+00
201002017 0.000000e+00
201002018 0.000000e+00
201002019 0.000000e+00
201002020 0.000000e+00
201002021 0.000000e+00
201002022 0.000000e+00
201002023 0.000000e+00
201003024 0.000000e+00
201003025 0.000000e+00
201003026 0.000000e+00
201003027 0.000000e+00
201003028 0.000000e+00
201003029 0.000000e+00
201003030 0.000000e+00
201003031 0.000000e+00
201004032 0.000000e+00
201004033 0.000000e+00
201004034 0.000000e+00
201004035 0.000000e+00
201004036 0.000000e+00
201004037 0.000000e+00
201004038 0.000000e+00
201004039 0.000000e+00
201005040 0.000000e+00
201005041 0.000000e+00
201005042 0.000000e+00
201005043 0.000000e+00
201005044 0.000000e+00
201005045 0.000000e+00
201005046 0.000000e+00
201005047 0.000000e+00
201006048 0.000000e+00
201006049 0.000000e+00
201006050 0.000000e+00
201006051 0.000000e+00
201006052 0.000000e+00
201006053 0.000000e+00
201006054 0.000000e+00
201006055 0.000000e+00
201007056 0.000000e+00
201007057 0.000000e+00
201007058 0.000000e+00
201007059 0.000000e+00
201007060 0.000000e+00
201007061 0.000000e+00
201007062 0.000000e+00
201007063 0.000000e+00
201008064 0.000000e+00
201008065 0.000000e+00
201008066 0.000000e+00
201008067 0.000000e+00
201008068 0.000000e+00
201008069 0.000000e+00
201008070 0.000000e+00
201008071 0.000000e+00
201009072 0.000000e+00
201009073 0.000000e+00
201009074 0.000000e+00
201009075 0.000000e+00
201009076 0.000000e+00
201009077 0.000000e+00
201009078 0.000000e+00
201009079 0.000000e+00
201010080 0.000000e+00
201010081 0.000000e+00
201010082 0.000000e+00
201010083 0.000000e+00
201010084 0.000000e+00
201010085 0.000000e+00
201010086 0.000000e+00
201010087 0.000000e+00
201011088 0.000000e+00
201011089 0.000000e+00
201011090 0.000000e+00
201011091 0.000000e+00
201011092 0.000000e+00
201011093 0.000000e+00
201011094 0.000000e+00
201011095 0.000000e+00
301000000 0.000000e+00
301000001 0.000000e+00
301000002 0.000000e+00
301000003 0.000000e+00
301000004 0.000000e+00
301000005 0.000000e+00
301000006 0.000000e+00
301000007 0.000000e+00
301001008 0.000000e+00
301001009 0.000000e+00
301001010 0.000000e+00
301001011 0.000000e+00
301001012 0.000000e+00
301001013 0.000000e+00
301001014 0.000000e+00
301001015 0.000000e+00
301002016 0.000000e+00
301002017 0.000000e+00
301002018 0.000000e+00
301002019 0.000000e+00
301002020 0.000000e+00
301002021 0.000000e+00
301002022 0.000000e+00
301002023 0.000000e+00
301003024 0.000000e+00
301003025 0.000000e+00
301003026 0.000000e+00
301003027 0.000000e+00
301003028 0.000000e+00
301003029 0.000000e+00
301003030 0.000000e+00
301003031 0.000000e+00
301004032 0.000000e+00
301004033 0.000000e+00
301004034 0.000000e+00
301004035 0.000000e+00
301004036 0.000000e+00
301004037 0.000000e+00
301004038 0.000000e+00
301004039 0.000000e+00
301005040 0.000000e+00
301005041 0.000000e+00
301005042 0.000000e+00
301005043 0.000000e+00
301005044 0.000000e+00
301005045 0.000000e+00
301005046 0.000000e+00
301005047 0.000000e+00
301006048 0.000000e+00
301006049 0.000000e+00
301006050 0.000000e+00
301006051 0.000000e+00
301006052 0.000000e+00
301006053 0.000000e+00
301006054 0.000000e+00
301006055 0.000000e+00
301007056 0.000000e+00
301007057 0.000000e+00
301007058 0.000000e+00
301007059 0.000000e+00
301007060 0.000000e+00
301007061 0.000000e+00
301007062 0.000000e+00
301007063 0.000000e+00
301008064 0.000000e+00
301008065 0.000000e+00
301008066 0.000000e+00
301008067 0.000000e+00
301008068 0.000000e+00
301008069 0.000000e+00
301008070 0.000000e+00
301008071 0.000000e+00
301009072 0.000000e+00
301009073 0.000000e+00
301009074 0.000000e+00
301009075 0.000000e+00
301009076 0.000000e+00
301009077 0.000000e+00
301009078 0.000000e+00
301009079 0.000000e+00
301010080 0.000000e+00
301010081 0.000000e+00
301010082 0.000000e+00
301010083 0.000000e+00
301010084 0.000000e+00
301010085 0.000000e+00
301010086 0.000000e+00
301010087 0.000000e+00
301011088 0.000000e+00
301011089 0.000000e+00
301011090 0.000000e+00
301011091 0.000000e+00
301011092 0.000000e+00
301011093 0.000000e+00
301011094 0.000000e+00
301011095 0.000000e+00
302000000 0.000000e+00
302000001 0.000000e+00
302000002 0.000000e+00
302000003 0.000000e+00
302000004 0.000000e+00
302000005 0.000000e+00
302000006 0.000000e+00
302000007 0.000000e+00
302001008 0.000000e+00
302001009 0.000000e+00
302001010 0.000000e+00
302001011 0.000000e+00
302001012 0.000000e+00
302001013 0.000000e+00
302001014 0.000000e+00
302001015 0.000000e+00
302002016 0.000000e+00
302002017 0.000000e+00
302002018 0.000000e+00
302002019 0.000000e+00
302002020 0.000000e+00
302002021 0.000000e+00
302002022 0.000000e+00
302002023 0.000000e+00
302003024 0.000000e+00
302003025 0.000000e+00
302003026 0.000000e+00
302003027 0.000000e+00
302003028 0.000000e+00
302003029 0.000000e+00
302003030 0.000000e+00
302003031 0.000000e+00
302004032 0.000000e+00
302004033 0.000000e+00
302004034 0.000000e+00
302004035 0.000000e+00
302004036 0.000000e+00
302004037 0.000000e+00
302004038 0.000000e+00
302004039 0.000000e+00
302005040 0.000000e+00
302005041 0.000000e+00
302005042 0.000000e+00
302005043 0.000000e+00
302005044 0.000000e+00
302005045 0.000000e+00
302005046 0.000000e+00
302005047 0.000000e+00
302006048 0.000000e+00
302006049 0.000000e+00
302006050 0.000000e+00
302006051 0.000000e+00
302006052 0.000000e+00
302006053 0.000000e+00
302006054 0.000000e+00
302006055 0.000000e+00
302007056 0.000000e+00
302007057 0.000000e+00
302007058 0.000000e+00
302007059 0.000000e+00
302007060 0.000000e+00
302007061 0.000000e+00
302007062 0.000000e+00
302007063 0.000000e+00
302008064 0.000000e+00
302008065 0.000000e+00
302008066 0.000000e+00
302008067 0.000000e+00
302008068 0.000000e+00
302008069 0.000000e+00
302008070 0.000000e+00
302008071 0.000000e+00
302009072 0.000000e+00
302009073 0.000000e+00
302009074 0.000000e+00
302009075 0.000000e+00
302009076 0.000000e+00
302009077 0.000000e+00
302009078 0.000000e+00
302009079 0.000000e+00
302010080 0.000000e+00
302010081 0.000000e+00
302010082 0.000000e+00
302010083 0.000000e+00
302010084 0.000000e+00
302010085 0.000000e+00
302010086 0.000000e+00
302010087 0.000000e+00
302011088 0.000000e+00
302011089 0.000000e+00
302011090 0.000000e+00
302011091 0.000000e+00
302011092 0.000000e+00
302011093 0.000000e+00
302011094 0.000000e+00
302011095 0.000000e+00
401000000 0.000000e+00
401000001 0.000000e+00
401000002 0.000000e+00
401000003 0.000000e+00
401000004 0.000000e+00
401000005 0.000000e+00
401000006 0.000000e+00
401000007 0.000000e+00
401001008 0.000000e+00
401001009 0.000000e+00
401001010 0.000000e+00
401001011 0.000000e+00
401001012 0.000000e+00
401001013 0.000000e+00
401001014 0.000000e+00
401001015 0.000000e+00
401002016 0.000000e+00
401002017 0.000000e+00
401002018 0.000000e+00
401002019 0.000000e+00
401002020 0.000000e+00
401002021 0.000000e+00
401002022 0.000000e+00
401002023 0.000000e+00
401003024 0.000000e+00
401003025 0.000000e+00
401003026 0.000000e+00
401003027 0.000000e+00
401003028 0.000000e+00
401003029 0.000000e+00
401003030 0.000000e+00
401003031 0.000000e+00
401004032 0.000000e+00
401004033 0.000000e+00
401004034 0.000000e+00
401004035 0.000000e+00
401004036 0.000000e+00
401004037 0.000000e+00
401004038 0.000000e+00
401004039 0.000000e+00
401005040 0.000000e+00
401005041 0.000000e+00
401005042 0.000000e+00
401005043 0.000000e+00
401005044 0.000000e+00
401005045 0.000000e+00
401005046 0.000000e+00
401005047 0.000000e+00
401006048 0.000000e+00
401006049 0.000000e+00
401006050 0.000000e+00
401006051 0.000000e+00
401006052 0.000000e+00
401006053 0.000000e+00
401006054 0.000000e+00
401006055 0.000000e+00
401007056 0.000000e+00
401007057 0.000000e+00
401007058 0.000000e+00
401007059 0.000000e+00
401007060 0.000000e+00
401007061 0.000000e+00
401007062 0.000000e+00
401007063 0.000000e+00
401008064 0.000000e+00
401008065 0.000000e+00
401008066 0.000000e+00
401008067 0.000000e+00
401008068 0.000000e+00
401008069 0.000000e+00
401008070 0.000000e+00
401008071 0.000000e+00
401009072 0.000000e+00
401009073 0.000000e+00
401009074 0.000000e+00
401009075 0.000000e+00
401009076 0.000000e+00
401009077 0.000000e+00
401009078 0.000000e+00
401009079 0.000000e+00
401010080 0.000000e+00
401010081 0.000000e+00
401010082 0.000000e+00
401010083 0.000000e+00
401010084 0.000000e+00
401010085 0.000000e+00
401010086 0.000000e+00
401010087 0.000000e+00
401011088 0.000000e+00
401011089 0.000000e+00
401011090 0.000000e+00
401011091 0.000000e+00
401011092 0.000000e+00
401011093 0.000000e+00
401011094 0.000000e+00
401011095 0.000000e+00
501000000 0.000000e+00
501000001 0.000000e+00
501000002 0.000000e+00
501000003 0.000000e+00
501000004 0.000000e+00
501000005 0.000000e+00
501000006 0.000000e+00
501000007 0.000000e+00
501001008 0.000000e+00
501001009 0.000000e+00
501001010 0.000000e+00
501001011 0.000000e+00
501001012 0.000000e+00
501001013 0.000000e+00
501001014 0.000000e+00
501001015 0.000000e+00
501002016 0.000000e+00
501002017 0.000000e+00
501002018 0.000000e+00
501002019 0.000000e+00
501002020 0.000000e+00
501002021 0.000000e+00
501002022 0.000000e+00
501002023 0.000000e+00
501003024 0.000000e+00
501003025 0.000000e+00
501003026 0.000000e+00
501003027 0.000000e+00
501003028 0.000000e+00
501003029 0.000000e+00
501003030 0.000000e+00
501003031 0.000000e+00
501004032 0.000000e+00
501004033 0.000000e+00
501004034 0.000000e+00
501004035 0.000000e+00
501004036 0.000000e+00
501004037 0.000000e+00
501004038 0.000000e+00
501004039 0.000000e+00
501005040 0.000000e+00
501005041 0.000000e+00
501005042 0.000000e+00
501005043 0.000000e+00
501005044 0.000000e+00
501005045 0.000000e+00
501005046 0.000000e+00
501005047 0.000000e+00
501006048 0.000000e+00
501006049 0.000000e+00
501006050 0.000000e+00
501006051 0.000000e+00
501006052 0.000000e+00
501006053 0.000000e+00
501006054 0.000000e+00
501006055 0.000000e+00
501007056 0.000000e+00
501007057 0.000000e+00
501007058 0.000000e+00
501007059 0.000000e+00
501007060 0.000000e+00
501007061 0.000000e+00
501007062 0.000000e+00
501007063 0.000000e+00
501008064 0.000000e+00
501008065 0.000000e+00
501008066 0.000000e+00
501008067 0.000000e+00
501008068 0.000000e+00
501008069 0.000000e+00
501008070 0.000000e+00
501008071 0.000000e+00
501009072 0.000000e+00
501009073 0.000000e+00
501009074 0.000000e+00
501009075 0.000000e+00
501009076 0.000000e+00
501009077 0.000000e+00
501009078 0.000000e+00
501009079 0.000000e+00
501010080 0.000000e+00
501010081 0.000000e+00
501010082 0.000000e+00
501010083 0.000000e+00
501010084 0.000000e+00
501010085 0.000000e+00
501010086 0.000000e+00
501010087 0.000000e+00
501011088 0.000000e+00
501011089 0.000000e+00
501011090 0.000000e+00
501011091 0.000000e+00
501011092 0.000000e+00
501011093 0.000000e+00
501011094 0.000000e+00
501011095 0.000000e+00
106000000 3.803351e-26
106000001 1.077513e-26
106000002 5.429487e-10
106000003 1.136190e-09
106000004 1.398247e-10
106000005 3.985769e-10
106000006 4.969565e-10
106000007 1.857054e-10
106001008 8.528324e-11
106001009 7.476997e-10
106001010 6.471238e-10
106001011 4.117705e-10
106001012 -2.330071e-10
106001013 2.361385e-10
106001014 -5.788795e-09
106001015 -4.381704e-09
106002016 9.675788e-10
106002017 3.758094e-10
106002018 6.518796e-11
106002019 1.719262e-10
106002020 -1.807673e-10
106002021 4.732891e-10
106002022 -6.173129e-09
106002023 -5.349818e-09
106003024 9.010290e-10
106003025 4.870733e-10
106003026 0.000000e+00
106003027 0.000000e+00
106003028 1.860377e-09
106003029 9.857420e-10
106003030 1.792984e-09
106003031 1.789297e-09
106004032 6.656396e-10
106004033 1.104732e-09
106004034 2.538173e-09
106004035 1.440923e-09
106004036 9.494254e-10
106004037 1.177672e-09
106004038 -5.795257e-10
106004039 -1.078014e-10
106005040 -1.689766e-10
106005041 -4.941625e-10
106005042 1.180840e-09
106005043 1.010652e-09
106005044 1.357390e-09
106005045 1.544696e-09
106005046 -5.536588e-09
106005047 -5.802800e-09
106006048 6.714446e-10
106006049 9.561953e-10
106006050 4.879962e-10
106006051 3.992109e-10
106006052 1.482556e-09
106006053 1.089455e-09
106006054 8.461970e-10
106006055 9.826108e-10
106007056 8.541270e-10
106007057 8.110503e-10
106007058 2.647704e-10
106007059 1.034957e-09
106007060 7.949552e-10
106007061 1.372420e-09
106007062 1.053697e-09
106007063 1.233111e-09
106008064 -5.002112e-10
106008065 -6.506918e-10
106008066 -6.009721e-10
106008067 -6.109696e-10
106008068 -5.492737e-10
106008069 -4.954648e-10
106008070 0.000000e+00
106008071 0.000000e+00
106009072 -6.127452e-09
106009073 -4.032529e-09
106009074 -4.628172e-09
106009075 -5.658611e-09
106009076 -3.829726e-09
106009077 -5.846712e-09
106009078 -4.877991e-09
106009079 -5.853706e-09
106010080 3.282821e-10
106010081 3.562120e-11
106010082 1.367210e-09
106010083 7.056356e-10
106010084 -1.482055e-09
106010085 -1.521511e-09
106010086 5.443873e-10
106010087 2.386977e-10
106011088 1.166660e-09
106011089 3.774716e-10
106011090 1.224710e-09
106011091 9.190174e-10
106011092 -2.007914e-09
106011093 -2.968350e-09
106011094 0.000000e+00
106011095 0.000000e+00
205000000 0.000000e+00
205000001 0.000000e+00
205000002 0.000000e+00
205000003 0.000000e+00
205000004 0.000000e+00
205000005 0.000000e+00
205000006 0.000000e+00
205000007 0.000000e+00
205001008 0.000000e+00
205001009 0.000000e+00
205001010 0.000000e+00
205001011 0.000000e+00
205001012 0.000000e+00
205001013 0.000000e+00
205001014 0.000000e+00
205001015 0.000000e+00
205002016 0.000000e+00
205002017 0.000000e+00
205002018 0.000000e+00
205002019 0.000000e+00
205002020 0.000000e+00
205002021 0.000000e+00
205002022 0.000000e+00
205002023 0.000000e+00
205003024 0.000000e+00
205003025 0.000000e+00
205003026 0.000000e+00
205003027 0.000000e+00
205003028 0.000000e+00
205003029 0.000000e+00
205003030 0.000000e+00
205003031 0.000000e+00
205004032 0.000000e+00
205004033 0.000000e+00
205004034 0.000000e+00
205004035 0.000000e+00
205004036 0.000000e+00
205004037 0.000000e+00
205004038 0.000000e+00
205004039 0.000000e+00
205005040 0.000000e+00
205005041 0.000000e+00
205005042 0.000000e+00
205005043 0.000000e+00
205005044 0.000000e+00
205005045 0.000000e+00
205005046 0.000000e+00
205005047 0.000000e+00
205006048 0.000000e+00
205006049 0.000000e+00
205006050 0.000000e+00
205006051 0.000000e+00
205006052 0.000000e+00
205006053 0.000000e+00
205006054 0.000000e+00
205006055 0.000000e+00
205007056 0.000000e+00
205007057 0.000000e+00
205007058 0.000000e+00
205007059 0.000000e+00
205007060 0.000000e+00
205007061 0.000000e+00
205007062 0.000000e+00
205007063 0.000000e+00
205008064 0.000000e+00
205008065 0.000000e+00
205008066 0.000000e+00
205008067 0.000000e+00
205008068 0.000000e+00
205008069 0.000000e+00
205008070 0.000000e+00
205008071 0.000000e+00
205009072 0.000000e+00
205009073 0.000000e+00
205009074 0.000000e+00
205009075 0.000000e+00
205009076 0.000000e+00
205009077 0.000000e+00
205009078 0.000000e+00
205009079 0.000000e+00
205010080 0.000000e+00
205010081 0.000000e+00
205010082 0.000000e+00
205010083 0.000000e+00
205010084 0.000000e+00
205010085 0.000000e+00
205010086 0.000000e+00
205010087 0.000000e+00
205011088 0.000000e+00
205011089 0.000000e+00
205011090 0.000000e+00
205011091 0.000000e+00
205011092 0.000000e+00
205011093 0.000000e+00
205011094 0.000000e+00
205011095 0.000000e+00
208000000 0.000000e+00
208000001 0.000000e+00
208000002 0.000000e+00
208000003 0.000000e+00
208000004 0.000000e+00
208000005 0.000000e+00
208000006 0.000000e+00
208000007 0.000000e+00
208001008 0.000000e+00
208001009 0.000000e+00
208001010 0.000000e+00
208001011 0.000000e+00
208001012 0.000000e+00
208001013 0.000000e+00
208001014 0.000000e+00
208001015 0.000000e+00
208002016 0.000000e+00
208002017 0.000000e+00
208002018 0.000000e+00
208002019 0.000000e+00
208002020 0.000000e+00
208002021 0.000000e+00
208002022 0.000000e+00
208002023 0.000000e+00
208003024 0.000000e+00
208003025 0.000000e+00
208003026 0.000000e+00
208003027 0.000000e+00
208003028 0.000000e+00
208003029 0.000000e+00
208003030 0.000000e+00
208003031 0.000000e+00
208004032 0.000000e+00
208004033 0.000000e+00
208004034 0.000000e+00
208004035 0.000000e+00
208004036 0.000000e+00
208004037 0.000000e+00
208004038 0.000000e+00
208004039 0.000000e+00
208005040 0.000000e+00
208005041 0.000000e+00
208005042 0.000000e+00
208005043 0.000000e+00
208005044 0.000000e+00
208005045 0.000000e+00
208005046 0.000000e+00
208005047 0.000000e+00
208006048 0.000000e+00
208006049 0.000000e+00
208006050 0.000000e+00
208006051 0.000000e+00
208006052 0.000000e+00
208006053 0.000000e+00
208006054 0.000000e+00
208006055 0.000000e+00
208007056 0.000000e+00
208007057 0.000000e+00
208007058 0.000000e+00
208007059 0.000000e+00
208007060 0.000000e+00
208007061 0.000000e+00
208007062 0.000000e+00
208007063 0.000000e+00
208008064 0.000000e+00
208008065 0.000000e+00
208008066 0.000000e+00
208008067 0.000000e+00
208008068 0.000000e+00
208008069 0.000000e+00
208008070 0.000000e+00
208008071 0.000000e+00
208009072 0.000000e+00
208009073 0.000000e+00
208009074 0.000000e+00
208009075 0.000000e+00
208009076 0.000000e+00
208009077 0.000000e+00
208009078 0.000000e+00
208009079 0.000000e+00
208010080 0.000000e+00
208010081 0.000000e+00
208010082 0.000000e+00
208010083 0.000000e+00
208010084 0.000000e+00
208010085 0.000000e+00
208010086 0.000000e+00
208010087 0.000000e+00
208011088 0.000000e+00
208011089 0.000000e+00
208011090 0.000000e+00
208011091 0.000000e+00
208011092 0.000000e+00
208011093 0.000000e+00
208011094 0.000000e+00
208011095 0.000000e+00
306000000 0.000000e+00
306000001 0.000000e+00
306000002 0.000000e+00
306000003 0.000000e+00
306000004 0.000000e+00
306000005 0.000000e+00
306000006 0.000000e+00
306000007 0.000000e+00
306001008 0.000000e+00
306001009 0.000000e+00
306001010 0.000000e+00
306001011 0.000000e+00
306001012 0.000000e+00
306001013 0.000000e+00
306001014 0.000000e+00
306001015 0.000000e+00
306002016 0.000000e+00
306002017 0.000000e+00
306002018 0.000000e+00
306002019 0.000000e+00
306002020 0.000000e+00
306002021 0.000000e+00
306002022 0.000000e+00
306002023 0.000000e+00
306003024 0.000000e+00
306003025 0.000000e+00
306003026 0.000000e+00
306003027 0.000000e+00
306003028 0.000000e+00
306003029 0.000000e+00
306003030 0.000000e+00
306003031 0.000000e+00
306004032 0.000000e+00
306004033 0.000000e+00
306004034 0.000000e+00
306004035 0.000000e+00
306004036 0.000000e+00
306004037 0.000000e+00
306004038 0.000000e+00
306004039 0.000000e+00
306005040 0.000000e+00
306005041 0.000000e+00
306005042 0.000000e+00
306005043 0.000000e+00
306005044 0.000000e+00
306005045 0.000000e+00
306005046 0.000000e+00
306005047 0.000000e+00
306006048 0.000000e+00
306006049 0.000000e+00
306006050 0.000000e+00
306006051 0.000000e+00
306006052 0.000000e+00
306006053 0.000000e+00
306006054 0.000000e+00
306006055 0.000000e+00
306007056 0.000000e+00
306007057 0.000000e+00
306007058 0.000000e+00
306007059 0.000000e+00
306007060 0.000000e+00
306007061 0.000000e+00
306007062 0.000000e+00
306007063 0.000000e+00
306008064 0.000000e+00
306008065 0.000000e+00
306008066 0.000000e+00
306008067 0.000000e+00
306008068 0.000000e+00
306008069 0.000000e+00
306008070 0.000000e+00
306008071 0.000000e+00
306009072 0.000000e+00
306009073 0.000000e+00
306009074 0.000000e+00
306009075 0.000000e+00
306009076 0.000000e+00
306009077 0.000000e+00
306009078 0.000000e+00
306009079 0.000000e+00
306010080 0.000000e+00
306010081 0.000000e+00
306010082 0.000000e+00
306010083 0.000000e+00
306010084 0.000000e+00
306010085 0.000000e+00
306010086 0.000000e+00
306010087 0.000000e+00
306011088 0.000000e+00
306011089 0.000000e+00
306011090 0.000000e+00
306011091 0.000000e+00
306011092 0.000000e+00
306011093 0.000000e+00
306011094 0.000000e+00
306011095 0.000000e+00
307000000 0.000000e+00
307000001 0.000000e+00
307000002 0.000000e+00
307000003 0.000000e+00
307000004 0.000000e+00
307000005 0.000000e+00
307000006 0.000000e+00
307000007 0.000000e+00
307001008 0.000000e+00
307001009 0.000000e+00
307001010 0.000000e+00
307001011 0.000000e+00
307001012 0.000000e+00
307001013 0.000000e+00
307001014 0.000000e+00
307001015 0.000000e+00
307002016 0.000000e+00
307002017 0.000000e+00
307002018 0.000000e+00
307002019 0.000000e+00
307002020 0.000000e+00
307002021 0.000000e+00
307002022 0.000000e+00
307002023 0.000000e+00
307003024 0.000000e+00
307003025 0.000000e+00
307003026 0.000000e+00
307003027 0.000000e+00
307003028 0.000000e+00
307003029 0.000000e+00
307003030 0.000000e+00
307003031 0.000000e+00
307004032 0.000000e+00
307004033 0.000000e+00
307004034 0.000000e+00
307004035 0.000000e+00
307004036 0.000000e+00
307004037 0.000000e+00
307004038 0.000000e+00
307004039 0.000000e+00
307005040 0.000000e+00
307005041 0.000000e+00
307005042 0.000000e+00
307005043 0.000000e+00
307005044 0.000000e+00
307005045 0.000000e+00
307005046 0.000000e+00
307005047 0.000000e+00
307006048 0.000000e+00
307006049 0.000000e+00
307006050 0.000000e+00
307006051 0.000000e+00
307006052 0.000000e+00
307006053 0.000000e+00
307006054 0.000000e+00
307006055 0.000000e+00
307007056 0.000000e+00
307007057 0.000000e+00
307007058 0.000000e+00
307007059 0.000000e+00
307007060 0.000000e+00
307007061 0.000000e+00
307007062 0.000000e+00
307007063 0.000000e+00
307008064 0.000000e+00
307008065 0.000000e+00
307008066 0.000000e+00
307008067 0.000000e+00
307008068 0.000000e+00
307008069 0.000000e+00
307008070 0.000000e+00
307008071 0.000000e+00
307009072 0.000000e+00
307009073 0.000000e+00
307009074 0.000000e+00
307009075 0.000000e+00
307009076 0.000000e+00
307009077 0.000000e+00
307009078 0.000000e+00
307009079 0.000000e+00
307010080 0.000000e+00
307010081 0.000000e+00
307010082 0.000000e+00
307010083 0.000000e+00
307010084 0.000000e+00
307010085 0.000000e+00
307010086 0.000000e+00
307010087 0.000000e+00
307011088 0.000000e+00
307011089 0.000000e+00
307011090 0.000000e+00
307011091 0.000000e+00
307011092 0.000000e+00
307011093 0.000000e+00
307011094 0.000000e+00
307011095 0.000000e+00
406000000 0.000000e+00
406000001 0.000000e+00
406000002 0.000000e+00
406000003 0.000000e+00
406000004 0.000000e+00
406000005 0.000000e+00
406000006 0.000000e+00
406000007 0.000000e+00
406001008 0.000000e+00
406001009 0.000000e+00
406001010 0.000000e+00
406001011 0.000000e+00
406001012 0.000000e+00
406001013 0.000000e+00
406001014 0.000000e+00
406001015 0.000000e+00
406002016 0.000000e+00
406002017 0.000000e+00
406002018 0.000000e+00
406002019 0.000000e+00
406002020 0.000000e+00
406002021 0.000000e+00
406002022 0.000000e+00
406002023 0.000000e+00
406003024 0.000000e+00
406003025 0.000000e+00
406003026 0.000000e+00
406003027 0.000000e+00
406003028 0.000000e+00
406003029 0.000000e+00
406003030 0.000000e+00
406003031 0.000000e+00
406004032 0.000000e+00
406004033 0.000000e+00
406004034 0.000000e+00
406004035 0.000000e+00
406004036 0.000000e+00
406004037 0.000000e+00
406004038 0.000000e+00
406004039 0.000000e+00
406005040 0.000000e+00
406005041 0.000000e+00
406005042 0.000000e+00
406005043 0.000000e+00
406005044 0.000000e+00
406005045 0.000000e+00
406005046 0.000000e+00
406005047 0.000000e+00
406006048 0.000000e+00
406006049 0.000000e+00
406006050 0.000000e+00
406006051 0.000000e+00
406006052 0.000000e+00
406006053 0.000000e+00
406006054 0.000000e+00
406006055 0.000000e+00
406007056 0.000000e+00
406007057 0.000000e+00
406007058 0.000000e+00
406007059 0.000000e+00
406007060 0.000000e+00
406007061 0.000000e+00
406007062 0.000000e+00
406007063 0.000000e+00
406008064 0.000000e+00
406008065 0.000000e+00
406008066 0.000000e+00
406008067 0.000000e+00
406008068 0.000000e+00
406008069 0.000000e+00
406008070 0.000000e+00
406008071 0.000000e+00
406009072 0.000000e+00
406009073 0.000000e+00
406009074 0.000000e+00
406009075 0.000000e+00
406009076 0.000000e+00
406009077 0.000000e+00
406009078 0.000000e+00
406009079 0.000000e+00
406010080 0.000000e+00
406010081 0.000000e+00
406010082 0.000000e+00
406010083 0.000000e+00
406010084 0.000000e+00
406010085 0.000000e+00
406010086 0.000000e+00
406010087 0.000000e+00
406011088 0.000000e+00
406011089 0.000000e+00
406011090 0.000000e+00
406011091 0.000000e+00
406011092 0.000000e+00
406011093 0.000000e+00
406011094 0.000000e+00
406011095 0.000000e+00
503000000 0.000000e+00
503000001 0.000000e+00
503000002 0.000000e+00
503000003 0.000000e+00
503000004 0.000000e+00
503000005 0.000000e+00
503000006 0.000000e+00
503000007 0.000000e+00
503001008 0.000000e+00
503001009 0.000000e+00
503001010 0.000000e+00
503001011 0.000000e+00
503001012 0.000000e+00
503001013 0.000000e+00
503001014 0.000000e+00
503001015 0.000000e+00
503002016 0.000000e+00
503002017 0.000000e+00
503002018 0.000000e+00
503002019 0.000000e+00
503002020 0.000000e+00
503002021 0.000000e+00
503002022 0.000000e+00
503002023 0.000000e+00
503003024 0.000000e+00
503003025 0.000000e+00
503003026 0.000000e+00
503003027 0.000000e+00
503003028 0.000000e+00
503003029 0.000000e+00
503003030 0.000000e+00
503003031 0.000000e+00
503004032 0.000000e+00
503004033 0.000000e+00
503004034 0.000000e+00
503004035 0.000000e+00
503004036 0.000000e+00
503004037 0.000000e+00
503004038 0.000000e+00
503004039 0.000000e+00
503005040 0.000000e+00
503005041 0.000000e+00
503005042 0.000000e+00
503005043 0.000000e+00
503005044 0.000000e+00
503005045 0.000000e+00
503005046 0.000000e+00
503005047 0.000000e+00
503006048 0.000000e+00
503006049 0.000000e+00
503006050 0.000000e+00
503006051 0.000000e+00
503006052 0.000000e+00
503006053 0.000000e+00
503006054 0.000000e+00
503006055 0.000000e+00
503007056 0.000000e+00
503007057 0.000000e+00
503007058 0.000000e+00
503007059 0.000000e+00
503007060 0.000000e+00
503007061 0.000000e+00
503007062 0.000000e+00
503007063 0.000000e+00
503008064 0.000000e+00
503008065 0.000000e+00
503008066 0.000000e+00
503008067 0.000000e+00
503008068 0.000000e+00
503008069 0.000000e+00
503008070 0.000000e+00
503008071 0.000000e+00
503009072 0.000000e+00
503009073 0.000000e+00
503009074 0.000000e+00
503009075 0.000000e+00
503009076 0.000000e+00
503009077 0.000000e+00
503009078 0.000000e+00
503009079 0.000000e+00
503010080 0.000000e+00
503010081 0.000000e+00
503010082 0.000000e+00
503010083 0.000000e+00
503010084 0.000000e+00
503010085 0.000000e+00
503010086 0.000000e+00
503010087 0.000000e+00
503011088 0.000000e+00
503011089 0.000000e+00
503011090 0.000000e+00
503011091 0.000000e+00
503011092 0.000000e+00
503011093 0.000000e+00
503011094 0.000000e+00
503011095 0.000000e+00
509000000 0.000000e+00
509000001 0.000000e+00
509000002 0.000000e+00
509000003 0.000000e+00
509000004 0.000000e+00
509000005 0.000000e+00
509000006 0.000000e+00
509000007 0.000000e+00
509001008 0.000000e+00
509001009 0.000000e+00
509001010 0.000000e+00
509001011 0.000000e+00
509001012 0.000000e+00
509001013 0.000000e+00
509001014 0.000000e+00
509001015 0.000000e+00
509002016 0.000000e+00
509002017 0.000000e+00
509002018 0.000000e+00
509002019 0.000000e+00
509002020 0.000000e+00
509002021 0.000000e+00
509002022 0.000000e+00
509002023 0.000000e+00
509003024 0.000000e+00
509003025 0.000000e+00
509003026 0.000000e+00
509003027 0.000000e+00
509003028 0.000000e+00
509003029 0.000000e+00
509003030 0.000000e+00
509003031 0.000000e+00
509004032 0.000000e+00
509004033 0.000000e+00
509004034 0.000000e+00
509004035 0.000000e+00
509004036 0.000000e+00
509004037 0.000000e+00
509004038 0.000000e+00
509004039 0.000000e+00
509005040 0.000000e+00
509005041 0.000000e+00
509005042 0.000000e+00
509005043 0.000000e+00
509005044 0.000000e+00
509005045 0.000000e+00
509005046 0.000000e+00
509005047 0.000000e+00
509006048 0.000000e+00
509006049 0.000000e+00
509006050 0.000000e+00
509006051 0.000000e+00
509006052 0.000000e+00
509006053 0.000000e+00
509006054 0.000000e+00
509006055 0.000000e+00
509007056 0.000000e+00
509007057 0.000000e+00
509007058 0.000000e+00
509007059 0.000000e+00
509007060 0.000000e+00
509007061 0.000000e+00
509007062 0.000000e+00
509007063 0.000000e+00
509008064 0.000000e+00
509008065 0.000000e+00
509008066 0.000000e+00
509008067 0.000000e+00
509008068 0.000000e+00
509008069 0.000000e+00
509008070 0.000000e+00
509008071 0.000000e+00
509009072 0.000000e+00
509009073 0.000000e+00
509009074 0.000000e+00
509009075 0.000000e+00
509009076 0.000000e+00
509009077 0.000000e+00
509009078 0.000000e+00
509009079 0.000000e+00
509010080 0.000000e+00
509010081 0.000000e+00
509010082 0.000000e+00
509010083 0.000000e+00
509010084 0.000000e+00
509010085 0.000000e+00
509010086 0.000000e+00
509010087 0.000000e+00
509011088 0.000000e+00
509011089 0.000000e+00
509011090 0.000000e+00
509011091 0.000000e+00
509011092 0.000000e+00
509011093 0.000000e+00
509011094 0.000000e+00
509011095 0.000000e+00
