          9.9999997d-05	         3.7709775E+10
          0.00010328281	         3.6065767E+10
          0.00010667340	         3.4493432E+10
          0.00011017529	         3.2989649E+10
          0.00011379215	         3.1551425E+10
          0.00011752774	         3.0175900E+10
          0.00012138595	         2.8860342E+10
          0.00012537083	         2.7602137E+10
          0.00012948645	         2.6398808E+10
          0.00013373725	         2.5247922E+10
          0.00013812761	         2.4147204E+10
          0.00014266209	         2.3094475E+10
          0.00014734542	         2.2087643E+10
          0.00015218249	         2.1124704E+10
          0.00015717837	         2.0203747E+10
          0.00016233824	         1.9322939E+10
          0.00016766752	         1.8480527E+10
          0.00017317173	         1.7674846E+10
          0.00017885664	         1.6904289E+10
          0.00018472817	         1.6167328E+10
          0.00019079246	         1.5462490E+10
          0.00019705582	         1.4788384E+10
          0.00020352470	         1.4143675E+10
          0.00021020604	         1.3527065E+10
          0.00021710672	         1.2937335E+10
          0.00022423393	         1.2373316E+10
          0.00023159511	         1.1833886E+10
          0.00023919797	         1.1317971E+10
          0.00024705040	         1.0824550E+10
          0.00025516062	         1.0352640E+10
          0.00026353705	         9.9013028E+09
          0.00027218851	         9.4696428E+09
          0.00028112394	         9.0568028E+09
          0.00029035273	         8.6619587E+09
          0.00029988447	         8.2843305E+09
          0.00030972913	         7.9231647E+09
          0.00031989696	         7.5777439E+09
          0.00033039862	         7.2473825E+09
          0.00034124497	         6.9314243E+09
          0.00035244724	         6.6292444E+09
          0.00036401744	         6.3402342E+09
          0.00037596744	         6.0638244E+09
          0.00038830977	         5.7994639E+09
          0.00040105727	         5.5466291E+09
          0.00041422324	         5.3048166E+09
          0.00042782145	         5.0735457E+09
          0.00044186602	         4.8523587E+09
          0.00045637166	         4.6408141E+09
          0.00047135353	         4.4384916E+09
          0.00048682719	         4.2449897E+09
          0.00050280854	         4.0599278E+09
          0.00051931484	         3.8829297E+09
          0.00053636299	         3.7136481E+09
          0.00055397081	         3.5517468E+09
          0.00057215663	         3.3969042E+09
          0.00059093948	         3.2488120E+09
          0.00061033899	         3.1071754E+09
          0.00063037529	         2.9717143E+09
          0.00065106933	         2.8421588E+09
          0.00067244272	         2.7182515E+09
          0.00069451780	         2.5997458E+09
          0.00071731757	         2.4864064E+09
          0.00074086577	         2.3780086E+09
          0.00076518703	         2.2743360E+09
          0.00079030672	         2.1751834E+09
          0.00081625103	         2.0803535E+09
          0.00084304705	         1.9896579E+09
          0.00087072275	         1.9029162E+09
          0.00089930650	         1.8199575E+09
          0.00092882907	         1.7406141E+09
          0.00095932081	         1.6647299E+09
          0.00099081360	         1.5921536E+09
          0.0010233402	         1.5227420E+09
          0.0010569346	         1.4563558E+09
          0.0010916317	         1.3928644E+09
          0.0011274681	         1.3321405E+09
          0.0011644807	         1.2740643E+09
          0.0012027085	         1.2185199E+09
          0.0012421905	         1.1653979E+09
          0.0012829694	         1.1145907E+09
          0.0013250869	         1.0659987E+09
          0.0013685870	         1.0195252E+09
          0.0014135153	         9.7507763E+08
          0.0014599183	         9.3256806E+08
          0.0015078448	         8.9191149E+08
          0.0015573446	         8.5302746E+08
          0.0016084694	         8.1583853E+08
          0.0016612725	         7.8027117E+08
          0.0017158090	         7.4625421E+08
          0.0017721358	         7.1372032E+08
          0.0018303118	         6.8260474E+08
          0.0018903976	         6.5284576E+08
          0.0019524558	         6.2438406E+08
          0.0020165513	         5.9716326E+08
          0.0020827511	         5.7112922E+08
          0.0021511239	         5.4623008E+08
          0.0022217415	         5.2241651E+08
          0.0022946771	         4.9964106E+08
          0.0023700071	         4.7785866E+08
          0.0024478103	         4.5702573E+08
          0.0025281659	         4.3710147E+08
          0.0026111610	         4.1804544E+08
          0.0026968806	         3.9982026E+08
          0.0027854142	         3.8238954E+08
          0.0028768543	         3.6571878E+08
          0.0029712960	         3.4977482E+08
          0.0030688383	         3.3452595E+08
          0.0031695808	         3.1994208E+08
          0.0032736324	         3.0599382E+08
          0.0033810998	         2.9265363E+08
          0.0034920950	         2.7989501E+08
          0.0036067341	         2.6769266E+08
          0.0037251366	         2.5602224E+08
          0.0038474260	         2.4486062E+08
          0.0039737299	         2.3418562E+08
          0.0041041803	         2.2397598E+08
          0.0042389128	         2.1421147E+08
          0.0043780687	         2.0487264E+08
          0.0045217923	         1.9594099E+08
          0.0046702349	         1.8739867E+08
          0.0048235501	         1.7922877E+08
          0.0049818982	         1.7141509E+08
          0.0051454445	         1.6394203E+08
          0.0053143604	         1.5679477E+08
          0.0054888208	         1.4995909E+08
          0.0056690089	         1.4342146E+08
          0.0058551119	         1.3716880E+08
          0.0060473247	         1.3118874E+08
          0.0062458473	         1.2546940E+08
          0.0064508831	         1.1999951E+08
          0.0066626542	         1.1476796E+08
          0.0068813767	         1.0976452E+08
          0.0071072797	         1.0497919E+08
          0.0073405989	         1.0040248E+08
          0.0075815772	         96025304.
          0.0078304661	         91838968.
          0.0080875214	         87835200.
          0.0083530201	         84005912.
          0.0086272340	         80343576.
          0.0089104511	         76840880.
          0.0092029646	         73490912.
          0.0095050810	         70286984.
          0.0098171150	         67222736.
          0.010139393	         64292076.
          0.010472251	         61489172.
          0.010816036	         58808476.
          0.011171106	         56244648.
          0.011537833	         53792588.
          0.011916599	         51447432.
          0.012307799	         49204512.
          0.012711842	         47059380.
          0.013129148	         45007768.
          0.013560154	         43045600.
          0.014005309	         41168972.
          0.014465077	         39374160.
          0.014939931	         37657620.
          0.015430382	         36015888.
          0.015936933	         34445724.
          0.016460113	         32944024.
          0.017000468	         31507790.
          0.017558562	         30134168.
          0.018134978	         28820430.
          0.018730316	         27563966.
          0.019345198	         26362278.
          0.019980265	         25212982.
          0.020636180	         24113790.
          0.021313628	         23062518.
          0.022013316	         22057078.
          0.022735972	         21095472.
          0.023482339	         20175804.
          0.024253221	         19296216.
          0.025049411	         18454972.
          0.025871737	         17650402.
          0.026721058	         16880912.
          0.027598262	         16144966.
          0.028504262	         15441105.
          0.029440004	         14767931.
          0.030406466	         14124105.
          0.031404655	         13508346.
          0.032435611	         12919433.
          0.033500414	         12356192.
          0.034600168	         11817510.
          0.035736032	         11302309.
          0.036909178	         10809571.
          0.038120817	         10338324.
          0.039372254	         9887611.0
          0.040664773	         9456547.0
          0.041999724	         9044277.0
          0.043378498	         8649980.0
          0.044802535	         8272873.0
          0.046273317	         7912207.0
          0.047792386	         7567264.5
          0.049361322	         7237360.0
          0.050981764	         6921837.5
          0.052655403	         6620071.0
          0.054383982	         6331461.0
          0.056169309	         6055433.0
          0.058013245	         5791438.5
          0.059917714	         5538953.0
          0.061884668	         5297479.5
          0.063916229	         5066528.5
          0.066014484	         4845647.0
          0.068181612	         4634395.5
          0.070419893	         4432353.0
          0.072731644	         4239119.0
          0.075119294	         4054309.2
          0.077585325	         3877556.2
          0.080132306	         3708509.5
          0.082762904	         3546832.0
          0.085479856	         3392203.5
          0.088286005	         3244316.0
          0.091184273	         3102876.0
          0.094177686	         2967602.0
          0.097269312	         2838228.0
          0.10046248	         2729847.5
          0.10376048	         2624870.5
          0.10716674	         2524750.2
          0.11068483	         2429229.0
          0.11431842	         2338061.0
          0.11807128	         2251017.0
          0.12194734	         2167880.5
          0.12595065	         2088448.4
          0.13008538	         2012529.5
          0.13435584	         1939942.6
          0.13876650	         1870518.1
          0.14332195	         1804095.8
          0.14802694	         1740523.8
          0.15288639	         1679660.2
          0.15790530	         1621370.6
          0.16308904	         1565526.9
          0.16844295	         1512157.9
          0.17397262	         1460823.1
          0.17968382	         1411600.0
          0.18558250	         1364385.6
          0.19167484	         1319083.4
          0.19796717	         1275602.0
          0.20446607	         1233855.0
          0.21117832	         1193760.2
          0.21811092	         1155241.0
          0.22527111	         1118223.9
          0.23266634	         1082639.1
          0.24030435	         1048421.7
          0.24819310	         1015509.1
          0.25634068	         983842.56
          0.26475587	         953365.38
          0.27344733	         924024.94
          0.28242409	         895770.81
          0.29169556	         868555.00
          0.30127138	         842332.44
          0.31116158	         817144.38
          0.32137644	         792764.06
          0.33192664	         769256.56
          0.34282318	         746584.44
          0.35407743	         724711.62
          0.36570114	         703604.50
          0.37770644	         683230.62
          0.39010584	         663559.44
          0.40291208	         644562.06
          0.41613895	         626210.06
          0.42980003	         608477.38
          0.44390959	         591338.81
          0.45848233	         574770.50
          0.47353345	         558749.50
          0.48907870	         543254.06
          0.50513422	         528263.38
          0.52171689	         513757.69
          0.53884387	         499717.94
          0.55653316	         486126.28
          0.57480311	         473019.56
          0.59367281	         460262.88
          0.61316204	         447906.47
          0.63329101	         435935.03
          0.65408045	         424334.22
          0.67555267	         413089.53
          0.69772983	         402187.88
          0.72063506	         391616.53
          0.74429214	         381363.44
          0.76872587	         371416.84
          0.79396176	         361765.66
          0.82002604	         352399.28
          0.84694600	         343307.47
          0.87474972	         334480.50
          0.90346611	         325909.12
          0.93312526	         317584.28
          0.96375805	         309497.50
          0.99539644	         301640.47
          1.0280730	         294005.56
          1.0618227	         286584.88
          1.0966804	         279402.72
          1.1326823	         272383.66
          1.1698662	         265559.03
          1.2082708	         258922.31
          1.2479361	         252467.16
          1.2889036	         246187.56
          1.3312160	         240077.75
          1.3749173	         234132.17
          1.4200534	         228345.47
          1.4666711	         222712.61
          1.5148191	         217228.62
          1.5645479	         211888.83
          1.6159091	         206688.67
          1.6689565	         201623.84
          1.7237452	         196690.11
          1.7803327	         191883.45
          1.8387777	         187200.03
          1.8991414	         182636.05
          1.9614867	         178187.92
          2.0258787	         173852.23
          2.0923846	         169645.80
          2.1610713	         165521.64
          2.2320154	         161500.73
          2.3052883	         157580.05
          2.3809667	         153756.70
          2.4591296	         150027.80
          2.5398583	         146390.59
          2.6232371	         142842.50
          2.7093532	         139380.91
          2.7982962	         136003.44
          2.8901591	         132707.70
          2.9850378	         129491.38
          3.0830312	         126352.36
          3.1842413	         123288.48
          3.2887743	         120297.67
          3.3967385	         117378.02
          3.5082474	         114527.58
          3.6234167	         111744.49
          3.7423668	         109027.01
          3.8652217	         106373.41
          3.9921098	         103781.99
          4.1231637	         101262.79
          4.2585196	         98789.008
          4.3983188	         96373.047
          4.5427074	         94013.438
          4.6918364	         91708.680
          4.8458605	         89457.398
          5.0049415	         87258.211
          5.1692443	         85109.805
          5.3389411	         83010.930
          5.5142026	         80960.391
          5.6952238	         78956.891
          5.8821878	         76999.320
          6.0752892	         75086.586
          6.2747297	         73217.594
          6.4807177	         71391.312
          6.6934676	         69606.703
          6.9132018	         67862.789
          7.1401496	         66158.609
          7.3745475	         64493.254
          7.6166406	         62865.801
          7.8666806	         61275.387
          8.1249294	         59728.344
          8.3916559	         58208.258
          8.6671391	         56722.930
          8.9516649	         55271.520
          9.2455320	         53853.266
          9.5490456	         52467.410
          9.8625231	         51113.223
          10.186292	         49789.961
          10.520689	         48496.941
          10.866064	         47233.500
          11.222776	         45998.977
          11.591200	         44792.723
          11.971718	         43614.117
          12.364727	         42462.578
          12.770638	         41337.504
          13.189876	         40238.328
          13.622874	         39164.488
          14.070073	         38115.469
          14.531968	         37090.699
          15.009026	         36089.668
          15.501744	         35111.887
          16.010639	         34156.848
          16.536238	         33228.004
          17.079092	         32316.406
          17.639769	         31426.256
          18.218849	         30557.111
          18.816940	         29708.504
          19.434666	         28880.010
          20.072670	         28071.193
          20.731619	         27281.650
          21.412201	         26510.949
          22.115124	         25758.721
          22.841122	         25024.562
          23.590954	         24308.115
          24.365402	         23608.990
          25.165274	         22926.832
          25.991404	         22261.293
          26.844654	         21612.029
          27.725914	         20978.699
          28.636105	         20360.971
          29.576176	         19758.527
          30.547108	         19171.037
          31.549913	         18598.217
          32.585640	         18039.732
          33.655365	         17495.309
          34.760208	         16966.436
          35.901321	         16448.930
          37.079857	         15944.685
          38.297119	         15453.382
          39.554344	         14974.762
          40.852840	         14508.550
          42.193966	         14054.481
          43.579117	         13612.296
          45.009739	         13181.744
          46.487324	         12762.577
          48.013420	         12354.543
          49.589611	         11957.408
          51.217548	         11570.935
          52.898926	         11194.892
          54.635498	         10829.060
          56.429081	         10473.206
          58.281548	         10127.119
          60.194820	         9790.5850
          62.170906	         9463.3916
          64.211861	         9145.3301
          66.319824	         8836.2021
          68.496979	         8535.8027
          70.745613	         8243.9434
          73.068062	         7961.2437
          75.466751	         7685.7393
          77.944183	         7418.2314
          80.502945	         7158.5264
          83.145714	         6906.4458
          85.875237	         6661.8105
          88.694359	         6424.4482
          91.606033	         6194.1807
          94.613190	         5970.8477
          97.719162	         5754.2710
          100.92711	         5544.2944
          104.24036	         5340.7573
          107.66238	         5143.5054
          111.19673	         4952.3828
          114.84712	         4767.2373
          118.61734	         4587.9229
          122.51133	         4414.2944
          126.53315	         4246.2085
          130.68700	         4083.5212
          134.97722	         3926.0977
          139.40826	         3773.8032
          143.98479	         3626.5049
          148.71155	         3484.0715
          153.59348	         3346.3752
          158.63567	         3213.5771
          163.84338	         3084.9297
          169.22206	         2960.6602
          174.77731	         2840.6472
          180.51492	         2724.7744
          186.44090	         2612.9258
          192.56142	         2504.9900
          198.88284	         2400.8569
          205.41180	         2300.4167
          212.15511	         2203.5654
          219.11977	         2110.1995
          226.31306	         2020.2166
          233.74251	         1933.5188
          241.41557	         1850.0120
          249.34081	         1769.5944
          257.52621	         1692.1769
          265.98032	         1617.6688
          274.71198	         1545.9810
          283.73026	         1477.0260
          293.04462	         1410.7202
          302.66473	         1346.9801
          312.60065	         1285.7245
          322.86276	         1226.8739
          333.46173	         1170.3518
          344.40869	         1116.1688
          355.71500	         1064.0614
          367.39246	         1014.0633
          379.45328	         966.10516
          391.91003	         920.11682
          404.77573	         876.03217
          418.06375	         833.78497
          431.78802	         793.31201
          445.96283	         754.55164
          460.60297	         717.44275
          475.72372	         681.92755
          491.34085	         647.94806
          507.47067	         615.44952
          524.13000	         584.37762
          541.33624	         554.67981
          559.10730	         526.30505
          577.46179	         499.20432
          596.41876	         473.32895
          615.99811	         448.63220
          636.21954	         425.07007
          657.10541	         402.59656
          678.67700	         381.16980
          700.95673	         360.74893
          723.96783	         341.31854
          747.73438	         322.78470
          772.28113	         305.14084
          797.63373	         288.35059
          823.81854	         272.37881
          850.86298	         257.19098
          878.79529	         242.75432
          907.64453	         229.03673
          937.44080	         216.00752
          968.21527	         203.63695
          1000.0000 	         191.89633
