 31 442
 31 443
 32 441
 32 442
 32 443
 32 444
 32 445
 32 446
 32 447
 32 455
 32 456
 33 441
 33 442
 33 443
 33 444
 33 445
 33 446
 33 447
 33 448
 33 453
 33 454
 33 455
 33 456
 33 457
 33 458
 33 459
 34 441
 34 442
 34 443
 34 444
 34 445
 34 446
 34 447
 34 448
 34 449
 34 450
 34 452
 34 453
 34 454
 34 455
 34 456
 34 457
 34 458
 34 459
 34 460
 35 440
 35 441
 35 442
 35 443
 35 444
 35 445
 35 446
 35 447
 35 448
 35 449
 35 454
 35 455
 35 456
 35 457
 35 458
 35 459
 35 460
 35 461
 35 462
 35 463
 36 437
 36 438
 36 439
 36 440
 36 441
 36 442
 36 443
 36 444
 36 445
 36 446
 36 447
 36 448
 36 449
 36 454
 36 455
 36 456
 36 457
 36 458
 36 459
 36 460
 36 461
 36 462
 36 463
 36 464
 36 465
 36 466
 37 438
 37 439
 37 440
 37 441
 37 442
 37 443
 37 444
 37 445
 37 446
 37 447
 37 448
 37 449
 37 450
 37 455
 37 456
 37 457
 37 458
 37 459
 37 460
 37 461
 37 462
 37 463
 37 464
 37 465
 37 466
 37 467
 37 468
 37 469
 38 440
 38 441
 38 442
 38 446
 38 447
 38 448
 38 449
 38 450
 38 456
 38 457
 38 458
 38 459
 38 460
 38 461
 38 462
 38 463
 38 464
 38 465
 38 466
 38 467
 38 468
 38 469
 38 470
 39 448
 39 449
 39 450
 39 451
 39 455
 39 456
 39 457
 39 458
 39 459
 39 460
 39 461
 39 462
 39 463
 39 464
 39 465
 39 466
 39 467
 39 468
 39 469
 39 470
 39 471
 39 472
 40 449
 40 450
 40 451
 40 452
 40 453
 40 454
 40 455
 40 456
 40 457
 40 458
 40 459
 40 460
 40 461
 40 462
 40 463
 40 464
 40 465
 40 466
 40 467
 40 468
 40 469
 40 470
 40 471
 40 472
 40 473
 40 474
 41 450
 41 451
 41 452
 41 453
 41 454
 41 455
 41 456
 41 457
 41 458
 41 459
 41 460
 41 461
 41 462
 41 463
 41 464
 41 465
 41 466
 41 467
 41 468
 41 469
 41 470
 41 471
 41 472
 41 473
 41 474
 41 475
 41 476
 42 451
 42 452
 42 453
 42 454
 42 455
 42 456
 42 457
 42 458
 42 459
 42 460
 42 461
 42 462
 42 463
 42 464
 42 465
 42 466
 42 467
 42 468
 42 469
 42 470
 42 471
 42 472
 42 473
 42 474
 42 475
 42 476
 43 452
 43 453
 43 454
 43 455
 43 456
 43 457
 43 458
 43 459
 43 460
 43 461
 43 462
 43 463
 43 464
 43 465
 43 466
 43 467
 43 468
 43 469
 43 470
 43 471
 43 472
 43 473
 43 474
 43 475
 43 476
 43 477
 44 454
 44 455
 44 456
 44 457
 44 458
 44 459
 44 460
 44 461
 44 462
 44 463
 44 464
 44 465
 44 466
 44 467
 44 468
 44 469
 44 470
 44 471
 44 472
 44 473
 44 474
 44 475
 44 476
 44 477
 44 478
 45 461
 45 462
 45 463
 45 464
 45 465
 45 466
 45 467
 45 468
 45 469
 45 470
 45 471
 45 472
 45 473
 45 474
 45 475
 45 476
 45 477
 45 478
 45 479
 46 465
 46 466
 46 467
 46 468
 46 469
 46 470
 46 471
 46 472
 46 473
 46 474
 46 475
 46 476
 46 477
 46 478
 46 479
 46 480
 46 481
 47 465
 47 466
 47 467
 47 468
 47 469
 47 470
 47 471
 47 472
 47 473
 47 474
 47 475
 47 476
 47 477
 47 478
 47 479
 47 480
 47 481
 48 465
 48 466
 48 467
 48 468
 48 469
 48 470
 48 471
 48 472
 48 473
 48 474
 48 475
 48 476
 48 477
 48 478
 48 479
 48 480
 48 481
 48 482
 49 465
 49 466
 49 467
 49 468
 49 469
 49 470
 49 471
 49 472
 49 473
 49 474
 49 475
 49 476
 49 477
 49 478
 49 479
 49 480
 49 481
 49 482
 49 483
 50 465
 50 466
 50 467
 50 468
 50 469
 50 470
 50 471
 50 472
 50 473
 50 474
 50 475
 50 476
 50 477
 50 478
 50 479
 50 480
 50 481
 50 482
 50 483
 51 466
 51 467
 51 468
 51 469
 51 470
 51 471
 51 472
 51 473
 51 474
 51 475
 51 476
 51 477
 51 478
 51 479
 51 480
 51 481
 51 482
 51 483
 51 484
 52 467
 52 468
 52 469
 52 470
 52 471
 52 472
 52 473
 52 474
 52 475
 52 476
 52 477
 52 478
 52 479
 52 480
 52 481
 52 482
 52 483
 52 484
 52 485
 53 468
 53 469
 53 470
 53 471
 53 472
 53 473
 53 474
 53 475
 53 476
 53 477
 53 478
 53 479
 53 480
 53 481
 53 482
 53 483
 53 484
 53 485
 53 486
 54 469
 54 470
 54 471
 54 472
 54 473
 54 474
 54 475
 54 476
 54 477
 54 478
 54 479
 54 480
 54 481
 54 482
 54 483
 54 484
 54 485
 54 486
 55 468
 55 469
 55 470
 55 471
 55 472
 55 473
 55 474
 55 475
 55 476
 55 477
 55 478
 55 479
 55 480
 55 481
 55 482
 55 483
 55 484
 55 485
 55 486
 55 487
 56 469
 56 470
 56 471
 56 472
 56 473
 56 474
 56 475
 56 476
 56 477
 56 478
 56 479
 56 480
 56 481
 56 482
 56 483
 56 484
 56 485
 56 486
 56 487
 56 488
 57 469
 57 470
 57 471
 57 472
 57 473
 57 474
 57 475
 57 476
 57 477
 57 478
 57 479
 57 480
 57 481
 57 482
 57 483
 57 484
 57 485
 57 486
 57 487
 57 488
 57 489
 58 470
 58 471
 58 472
 58 473
 58 474
 58 475
 58 476
 58 477
 58 478
 58 479
 58 480
 58 481
 58 482
 58 483
 58 484
 58 485
 58 486
 58 487
 58 488
 58 489
 58 490
 59 472
 59 473
 59 474
 59 475
 59 476
 59 477
 59 478
 59 479
 59 480
 59 481
 59 482
 59 483
 59 484
 59 485
 59 486
 59 487
 59 488
 59 489
 59 490
 60 474
 60 475
 60 476
 60 477
 60 478
 60 479
 60 480
 60 481
 60 482
 60 483
 60 484
 60 485
 60 486
 60 487
 60 488
 60 489
 60 490
 60 491
 61 475
 61 476
 61 477
 61 478
 61 479
 61 480
 61 481
 61 482
 61 483
 61 484
 61 485
 61 486
 61 487
 61 488
 61 489
 61 490
 61 491
 61 492
 62 476
 62 477
 62 478
 62 479
 62 480
 62 481
 62 482
 62 483
 62 484
 62 485
 62 486
 62 487
 62 488
 62 489
 62 490
 62 491
 62 492
 62 493
 63 476
 63 477
 63 478
 63 479
 63 480
 63 481
 63 482
 63 483
 63 484
 63 485
 63 486
 63 487
 63 488
 63 489
 63 490
 63 491
 63 492
 63 493
 63 494
 64 477
 64 478
 64 479
 64 480
 64 481
 64 482
 64 483
 64 484
 64 485
 64 486
 64 487
 64 488
 64 489
 64 490
 64 491
 64 492
 64 493
 64 494
 65 478
 65 479
 65 480
 65 481
 65 482
 65 483
 65 484
 65 485
 65 486
 65 487
 65 488
 65 489
 65 490
 65 491
 65 492
 65 493
 66 479
 66 480
 66 481
 66 482
 66 483
 66 484
 66 485
 66 486
 66 487
 66 488
 66 489
 66 490
 66 491
 66 492
 66 493
 67 479
 67 480
 67 481
 67 482
 67 483
 67 484
 67 485
 67 486
 67 487
 67 488
 67 489
 67 490
 67 491
 67 492
 67 493
 67 494
 68 479
 68 480
 68 481
 68 482
 68 483
 68 484
 68 485
 68 486
 68 487
 68 488
 68 489
 68 490
 68 491
 68 492
 68 493
 68 494
 69 479
 69 480
 69 481
 69 482
 69 483
 69 484
 69 485
 69 486
 69 487
 69 488
 69 489
 69 490
 69 491
 69 492
 69 493
 70 480
 70 481
 70 482
 70 483
 70 484
 70 485
 70 486
 70 487
 70 488
 70 489
 70 490
 70 491
 70 492
 70 493
 70 494
 70 496
 70 497
 70 498
 70 499
 70 500
 70 501
 71 480
 71 481
 71 482
 71 483
 71 484
 71 485
 71 486
 71 487
 71 488
 71 489
 71 490
 71 491
 71 492
 71 493
 71 494
 71 495
 71 496
 71 497
 71 498
 71 499
 71 500
 71 501
 71 502
 72 481
 72 482
 72 483
 72 484
 72 485
 72 486
 72 487
 72 488
 72 489
 72 490
 72 491
 72 492
 72 493
 72 494
 72 495
 72 496
 72 497
 72 498
 72 499
 72 500
 72 501
 73 482
 73 483
 73 484
 73 485
 73 486
 73 487
 73 488
 73 489
 73 490
 73 491
 73 492
 73 493
 73 494
 73 495
 73 496
 74 483
 74 484
 74 485
 74 486
 74 487
 74 488
 74 489
 74 490
 74 491
 74 492
 74 493
 74 494
 74 495
 74 496
 75 483
 75 484
 75 485
 75 486
 75 487
 75 488
 75 489
 75 490
 75 491
 75 492
 75 493
 75 494
 75 495
 75 496
 76 484
 76 485
 76 486
 76 487
 76 488
 76 489
 76 490
 76 491
 76 492
 76 493
 76 494
 76 495
 76 496
 76 497
 77 485
 77 486
 77 487
 77 488
 77 489
 77 490
 77 491
 77 492
 77 493
 77 494
 77 495
 77 496
 77 497
 77 498
 78 485
 78 486
 78 487
 78 488
 78 489
 78 490
 78 491
 78 492
 78 493
 78 494
 78 495
 78 496
 78 497
 78 498
 79 484
 79 485
 79 486
 79 487
 79 488
 79 489
 79 490
 79 491
 79 492
 79 493
 79 494
 79 495
 79 496
 79 497
 79 498
 80 484
 80 485
 80 486
 80 487
 80 488
 80 489
 80 490
 80 491
 80 492
 80 493
 80 494
 80 495
 80 496
 80 497
 80 498
 81 484
 81 485
 81 486
 81 487
 81 488
 81 489
 81 490
 81 491
 81 492
 81 493
 81 494
 81 495
 81 496
 81 497
 82 485
 82 486
 82 487
 82 488
 82 489
 82 490
 82 491
 82 492
 82 493
 82 494
 82 495
 82 496
 82 497
 83 487
 83 488
 83 489
 83 490
 83 491
 83 492
 83 493
 83 494
 83 495
 83 496
 83 497
 84 488
 84 489
 84 490
 84 491
 84 492
 84 493
 84 494
 84 495
 84 496
 84 497
 84 498
 85 491
 85 492
 85 493
 85 494
 85 495
 85 496
 85 497
 85 498
 85 499
 86 492
 86 493
 86 494
 86 495
 86 496
 86 497
 86 498
 87 492
 87 493
 87 494
 87 495
 87 496
 87 497
 87 498
 88 493
 88 494
 88 495
 88 496
 88 497
 88 498
 88 499
 89 493
 89 494
 89 495
 89 496
 89 497
 89 498
 89 499
 89 500
 89 501
 90 492
 90 493
 90 494
 90 495
 90 496
 90 497
 90 498
 90 499
 90 500
 90 501
 91 493
 91 494
 91 495
 91 496
 91 497
 91 498
 91 499
 91 500
 92 496
 92 497
 92 498
 92 499
 93 498
