001000000 2.693775e-27
001000001 -1.370670e-27
001000002 -1.564350e-10
001000003 -5.927831e-10
001000004 -4.298036e-10
001000005 -5.722886e-11
001000006 -4.596381e-10
001000007 2.712674e-10
001001008 -4.074610e-10
001001009 7.572787e-10
001001010 -6.212577e-10
001001011 -1.980185e-11
001001012 -3.526465e-10
001001013 -2.206361e-10
001001014 -2.497259e-10
001001015 1.681084e-10
001002016 -1.250441e-10
001002017 1.050221e-09
001002018 -1.032426e-10
001002019 1.590222e-10
001002020 5.887458e-10
001002021 -5.067238e-10
001002022 1.340200e-10
001002023 1.253498e-10
001003024 -5.691418e-10
001003025 3.409534e-10
001003026 -1.406876e-09
001003027 -8.040228e-10
001003028 -8.300631e-10
001003029 -6.964314e-11
001003030 1.320014e-10
001003031 7.656610e-10
001004032 5.934490e-10
001004033 1.098874e-09
001004034 4.626415e-11
001004035 1.313656e-09
001004036 -1.418725e-10
001004037 3.233207e-10
001004038 3.423168e-10
001004039 9.199940e-10
001005040 2.013376e-10
001005041 1.032876e-09
001005042 -9.005519e-11
001005043 1.719806e-09
001005044 -1.751027e-10
001005045 1.404418e-09
001005046 2.283990e-10
001005047 2.607476e-09
001006048 -6.197244e-10
001006049 2.238555e-10
001006050 -6.835343e-10
001006051 -2.616685e-10
001006052 0.000000e+00
001006053 0.000000e+00
001006054 8.004121e-10
001006055 1.325342e-09
001007056 4.000613e-10
001007057 1.764820e-09
001007058 1.880661e-10
001007059 1.764159e-09
001007060 1.672450e-10
001007061 2.002575e-09
001007062 1.310956e-10
001007063 1.498121e-09
001008064 2.463235e-10
001008065 7.991658e-10
001008066 2.358867e-10
001008067 6.202716e-10
001008068 2.067756e-10
001008069 1.062015e-09
001008070 6.086765e-10
001008071 1.085157e-09
001009072 4.595859e-10
001009073 8.414920e-10
001009074 3.419835e-10
001009075 1.007498e-09
001009076 5.683944e-10
001009077 1.267524e-09
001009078 6.430822e-10
001009079 1.384327e-09
001010080 -1.094317e-09
001010081 3.421568e-11
001010082 -6.956719e-10
001010083 -8.271111e-11
001010084 -4.952330e-10
001010085 -3.068758e-10
001010086 2.505671e-10
001010087 1.280350e-09
001011088 4.830809e-10
001011089 7.618591e-10
001011090 1.952640e-10
001011091 7.781799e-10
001011092 5.493383e-10
001011093 1.661557e-09
001011094 6.308679e-10
001011095 1.786867e-09
002000000 1.015690e-26
002000001 -3.498928e-26
002000002 -1.886965e-12
002000003 4.206292e-11
002000004 5.861872e-09
002000005 4.957413e-09
002000006 5.248048e-09
002000007 4.545643e-09
002001008 2.850633e-09
002001009 1.883403e-11
002001010 3.548236e-09
002001011 -1.096584e-09
002001012 -1.782841e-09
002001013 -1.522394e-09
002001014 -1.132501e-10
002001015 -1.658232e-10
002002016 -1.810147e-10
002002017 8.001300e-10
002002018 9.841599e-10
002002019 1.281850e-09
002002020 -7.919645e-10
002002021 -8.490107e-10
002002022 -6.881569e-10
002002023 -5.256423e-11
002003024 3.784794e-10
002003025 2.566945e-09
002003026 7.369546e-10
002003027 2.457726e-09
002003028 -8.646603e-09
002003029 -4.045213e-09
002003030 -6.640168e-10
002003031 -1.531041e-09
002004032 -5.408288e-09
002004033 1.036585e-09
002004034 -4.043833e-09
002004035 -4.688271e-09
002004036 7.143372e-10
002004037 -2.290706e-09
002004038 3.406495e-10
002004039 2.980525e-10
002005040 1.133115e-09
002005041 -5.807776e-11
002005042 -4.080191e-10
002005043 1.330960e-09
002005044 -8.642769e-09
002005045 -5.419078e-09
002005046 4.679719e-10
002005047 -5.609962e-10
002006048 -2.382804e-10
002006049 -5.223950e-09
002006050 -1.608299e-09
002006051 2.026796e-09
002006052 1.547642e-09
002006053 2.532596e-09
002006054 -4.336586e-09
002006055 -4.912315e-09
002007056 -4.749822e-09
002007057 -4.474683e-09
002007058 -5.526307e-09
002007059 -4.739487e-09
002007060 2.033608e-09
002007061 -3.727489e-09
002007062 -5.331546e-09
002007063 1.985553e-09
002008064 1.935648e-09
002008065 2.514827e-09
002008066 2.206787e-09
002008067 9.546043e-10
002008068 6.693759e-10
002008069 1.047235e-09
002008070 4.865184e-10
002008071 -2.239332e-10
002009072 -4.913732e-09
002009073 -1.818071e-09
002009074 -5.032569e-09
002009075 -5.091393e-09
002009076 -5.017749e-09
002009077 -4.244027e-09
002009078 -4.708588e-09
002009079 -7.910560e-09
002010080 -6.033520e-09
002010081 1.994923e-09
002010082 -8.296552e-10
002010083 -1.335888e-09
002010084 2.799323e-09
002010085 1.759643e-09
002010086 -1.672919e-09
002010087 -1.439966e-09
002011088 -6.370018e-09
002011089 -4.808997e-09
002011090 -5.768691e-09
002011091 -7.258066e-09
002011092 3.985549e-09
002011093 1.336452e-09
002011094 -6.976551e-10
002011095 2.629114e-09
003000000 6.167146e-27
003000001 -2.022650e-26
003000002 -4.296735e-10
003000003 1.536251e-09
003000004 -2.375906e-10
003000005 9.971068e-10
003000006 8.338265e-10
003000007 3.619403e-10
003001008 7.387745e-10
003001009 1.263922e-09
003001010 1.841250e-09
003001011 3.450116e-10
003001012 3.020368e-10
003001013 1.677799e-09
003001014 5.805122e-10
003001015 7.473105e-10
003002016 4.893808e-10
003002017 1.539485e-09
003002018 1.195887e-09
003002019 2.166516e-09
003002020 1.608166e-09
003002021 2.242650e-09
003002022 -1.036225e-10
003002023 1.057142e-09
003003024 5.780364e-10
003003025 1.694184e-09
003003026 5.340169e-10
003003027 2.376125e-09
003003028 4.055420e-11
003003029 4.350377e-10
003003030 9.487818e-12
003003031 9.416595e-10
003004032 4.110438e-10
003004033 1.189173e-09
003004034 1.733376e-10
003004035 1.395369e-09
003004036 1.270639e-09
003004037 3.126026e-09
003004038 7.669778e-10
003004039 1.391899e-09
003005040 9.721694e-10
003005041 1.958752e-09
003005042 6.630893e-09
003005043 7.169261e-09
003005044 1.369130e-09
003005045 4.126275e-09
003005046 1.431434e-09
003005047 2.183371e-09
003006048 6.837652e-10
003006049 1.652603e-09
003006050 4.324891e-10
003006051 2.114311e-09
003006052 6.737262e-10
003006053 1.427333e-09
003006054 -7.609490e-12
003006055 1.753304e-09
003007056 7.218550e-10
003007057 1.819361e-09
003007058 3.060793e-10
003007059 1.162633e-09
003007060 1.095269e-09
003007061 8.033738e-10
003007062 3.190135e-10
003007063 2.136451e-10
003008064 8.202455e-10
003008065 6.784161e-10
003008066 8.462998e-10
003008067 3.064657e-10
003008068 1.097627e-08
003008069 1.158590e-08
003008070 1.093322e-08
003008071 1.156553e-08
003009072 0.000000e+00
003009073 0.000000e+00
003009074 1.038092e-09
003009075 1.305038e-09
003009076 5.712731e-09
003009077 6.593551e-09
003009078 6.740115e-09
003009079 5.875875e-09
003010080 3.206270e-10
003010081 1.239244e-09
003010082 7.892840e-11
003010083 6.175217e-10
003010084 5.896851e-09
003010085 5.429560e-09
003010086 5.568083e-09
003010087 6.633430e-09
003011088 -8.536681e-11
003011089 7.197115e-10
003011090 -7.812396e-10
003011091 1.971185e-09
003011092 1.030709e-08
003011093 1.175601e-08
003011094 1.000164e-08
003011095 1.101431e-08
004000000 7.182452e-27
004000001 1.838815e-26
004000002 -8.070611e-10
004000003 2.317304e-10
004000004 5.741018e-09
004000005 -4.886166e-09
004000006 4.904858e-09
004000007 -4.044146e-10
004001008 5.519248e-09
004001009 1.581775e-10
004001010 -1.686527e-09
004001011 3.548937e-10
004001012 -1.837129e-09
004001013 7.361378e-10
004001014 -5.514859e-09
004001015 -5.486482e-09
004002016 5.679227e-09
004002017 -5.271542e-09
004002018 4.734379e-09
004002019 -1.508325e-09
004002020 5.412536e-09
004002021 6.271720e-10
004002022 6.658080e-09
004002023 1.316099e-09
004003024 5.557222e-09
004003025 -2.540675e-10
004003026 5.249936e-09
004003027 5.168957e-10
004003028 5.964189e-09
004003029 1.312654e-09
004003030 6.020085e-09
004003031 4.508037e-10
004004032 5.119268e-09
004004033 -5.243719e-09
004004034 5.787684e-09
004004035 1.139541e-10
004004036 4.725440e-09
004004037 -5.492537e-09
004004038 -2.975074e-10
004004039 -4.524071e-10
004005040 4.355045e-09
004005041 -1.020534e-09
004005042 5.046898e-09
004005043 -8.879077e-10
004005044 6.024574e-09
004005045 1.498850e-09
004005046 -1.537673e-11
004005047 6.619941e-09
004006048 3.505204e-10
004006049 -5.531896e-12
004006050 5.557291e-09
004006051 -6.905099e-09
004006052 5.955223e-09
004006053 5.902026e-10
004006054 1.046529e-08
004006055 5.737407e-09
004007056 6.100123e-09
004007057 1.156052e-09
004007058 6.280914e-09
004007059 5.799655e-10
004007060 5.477456e-09
004007061 6.069471e-10
004007062 1.145389e-08
004007063 -8.286703e-10
004008064 4.761645e-09
004008065 -6.233617e-10
004008066 4.480946e-09
004008067 -3.790760e-10
004008068 5.084056e-09
004008069 1.375675e-10
004008070 4.789699e-09
004008071 -7.321255e-10
004009072 6.326671e-09
004009073 2.083754e-09
004009074 5.513616e-09
004009075 1.113087e-09
004009076 5.723857e-09
004009077 1.094905e-09
004009078 6.015363e-09
004009079 3.947068e-10
004010080 5.402882e-09
004010081 8.288819e-10
004010082 6.541111e-09
004010083 1.034694e-09
004010084 6.856176e-09
004010085 1.873246e-09
004010086 6.321240e-09
004010087 1.356612e-09
004011088 6.602391e-09
004011089 1.789304e-09
004011090 5.636113e-09
004011091 1.480089e-09
004011092 5.648015e-09
004011093 6.107542e-10
004011094 3.544110e-09
004011095 -1.182039e-09
005000000 5.695122e-26
005000001 7.642739e-27
005000002 4.013010e-10
005000003 3.701223e-10
005000004 3.753824e-10
005000005 2.632074e-10
005000006 1.847749e-09
005000007 6.461949e-10
005001008 7.741424e-10
005001009 -2.106845e-10
005001010 5.831745e-10
005001011 -8.205717e-10
005001012 -7.179651e-11
005001013 -5.053621e-11
005001014 5.785048e-09
005001015 5.668410e-09
005002016 1.110924e-09
005002017 -5.356735e-11
005002018 1.168682e-09
005002019 -5.493481e-11
005002020 1.097524e-09
005002021 6.131220e-10
005002022 4.297188e-09
005002023 5.078752e-09
005003024 -2.752076e-10
005003025 7.376644e-10
005003026 -9.070734e-10
005003027 -1.189712e-09
005003028 1.043075e-09
005003029 1.643648e-10
005003030 8.357736e-10
005003031 5.340348e-10
005004032 6.110233e-10
005004033 8.743561e-10
005004034 1.709198e-09
005004035 1.211415e-09
005004036 6.948750e-10
005004037 1.306101e-09
005004038 9.925206e-10
005004039 8.501290e-10
005005040 6.712584e-10
005005041 3.844959e-10
005005042 1.082838e-09
005005043 6.090632e-10
005005044 6.899988e-10
005005045 6.715162e-10
005005046 4.182484e-10
005005047 5.728349e-10
005006048 3.093634e-10
005006049 2.124094e-10
005006050 -2.996421e-10
005006051 -5.958755e-10
005006052 -1.640664e-10
005006053 -1.307140e-09
005006054 5.735530e-09
005006055 5.767251e-09
005007056 1.888646e-10
005007057 2.210358e-09
005007058 1.188817e-09
005007059 8.768001e-10
005007060 7.969527e-10
005007061 1.042229e-09
005007062 7.353535e-10
005007063 9.495827e-10
005008064 1.559201e-09
005008065 -5.181794e-10
005008066 1.510434e-09
005008067 -1.431222e-10
005008068 7.371217e-10
005008069 -1.015977e-10
005008070 1.483615e-09
005008071 5.263785e-10
005009072 3.203617e-09
005009073 1.309152e-09
005009074 5.366141e-11
005009075 -1.672151e-10
005009076 1.479101e-09
005009077 -2.952336e-10
005009078 6.665444e-09
005009079 5.242809e-09
005010080 4.440064e-10
005010081 3.569686e-10
005010082 -2.395264e-10
005010083 -1.503015e-09
005010084 1.456050e-10
005010085 -1.017419e-10
005010086 -9.234079e-10
005010087 -1.236560e-09
005011088 1.487330e-09
005011089 4.242227e-10
005011090 1.185892e-09
005011091 7.591141e-10
005011092 -3.044776e-09
005011093 -2.851789e-09
005011094 1.495451e-09
005011095 -3.123244e-10
006000000 -2.287227e-26
006000001 -4.676433e-26
006000002 -1.055306e-09
006000003 -6.509691e-11
006000004 6.963820e-10
006000005 -2.829785e-11
006000006 -2.501388e-10
006000007 1.121900e-09
006001008 8.916013e-10
006001009 -1.097335e-09
006001010 -6.743181e-10
006001011 4.426931e-10
006001012 4.363759e-09
006001013 4.331144e-09
006001014 5.004910e-09
006001015 4.422861e-09
006002016 -1.690342e-10
006002017 -1.950166e-10
006002018 2.760589e-10
006002019 3.549924e-11
006002020 -1.002424e-09
006002021 2.263177e-10
006002022 4.855366e-09
006002023 4.557593e-09
006003024 -5.346166e-10
006003025 -2.383198e-10
006003026 -4.078600e-11
006003027 -2.171205e-10
006003028 -1.411604e-09
006003029 -6.632232e-10
006003030 4.884610e-09
006003031 4.570631e-09
006004032 -2.297994e-11
006004033 -2.350696e-10
006004034 -4.224879e-10
006004035 2.840167e-10
006004036 -5.706595e-10
006004037 -2.578432e-11
006004038 1.977946e-10
006004039 -3.914220e-10
006005040 -7.769564e-12
006005041 -6.502118e-10
006005042 3.150272e-10
006005043 3.401395e-10
006005044 -7.333355e-10
006005045 -1.052835e-10
006005046 6.963749e-10
006005047 1.474570e-10
006006048 9.267520e-10
006006049 4.071177e-10
006006050 -5.992339e-10
006006051 1.219308e-09
006006052 -5.426037e-10
006006053 4.100314e-10
006006054 1.294391e-10
006006055 -2.244020e-10
006007056 -1.104379e-09
006007057 -2.099080e-10
006007058 -8.669163e-10
006007059 -1.163472e-09
006007060 4.425407e-10
006007061 -7.570848e-11
006007062 6.164188e-10
006007063 4.061517e-10
006008064 1.069395e-09
006008065 7.856397e-10
006008066 2.500254e-10
006008067 4.621445e-10
006008068 -5.147149e-10
006008069 3.548665e-11
006008070 1.825666e-09
006008071 1.648028e-10
006009072 2.289334e-10
006009073 8.099848e-11
006009074 1.460956e-09
006009075 -1.487223e-10
006009076 -6.507818e-09
006009077 4.872264e-10
006009078 -7.246312e-10
006009079 -9.840845e-10
006010080 1.174640e-10
006010081 -2.420893e-10
006010082 5.907515e-12
006010083 -1.838318e-11
006010084 -1.594258e-09
006010085 -1.203249e-09
006010086 -9.252712e-10
006010087 -9.300813e-10
006011088 -2.870531e-10
006011089 -1.146761e-09
006011090 -1.089934e-09
006011091 -1.486520e-09
006011092 3.827444e-10
006011093 1.161079e-10
006011094 5.111454e-09
006011095 5.190476e-09
007000000 -3.339762e-27
007000001 2.002644e-26
007000002 1.034503e-08
007000003 8.779851e-09
007000004 4.828654e-09
007000005 1.168694e-08
007000006 1.306311e-08
007000007 4.882427e-09
007001008 -6.082867e-11
007001009 8.438024e-09
007001010 -2.237918e-11
007001011 8.387352e-10
007001012 4.912453e-09
007001013 1.257500e-08
007001014 1.198356e-08
007001015 5.929666e-09
007002016 8.135779e-09
007002017 -4.117556e-10
007002018 6.796466e-10
007002019 -3.355904e-10
007002020 5.202942e-09
007002021 1.218220e-08
007002022 4.913875e-09
007002023 1.177760e-08
007003024 9.136990e-10
007003025 7.914048e-09
007003026 6.281565e-09
007003027 5.759161e-09
007003028 1.092440e-08
007003029 1.072255e-08
007003030 4.890682e-09
007003031 5.052986e-09
007004032 5.327352e-11
007004033 -4.267925e-10
007004034 8.500040e-09
007004035 3.648736e-10
007004036 1.315864e-08
007004037 5.594219e-09
007004038 5.248349e-09
007004039 5.257977e-09
007005040 7.998075e-09
007005041 -2.127417e-10
007005042 8.260070e-09
007005043 8.425764e-09
007005044 6.000142e-09
007005045 1.256036e-08
007005046 1.175223e-08
007005047 1.197146e-08
007006048 6.208312e-09
007006049 6.521622e-09
007006050 6.560382e-09
007006051 7.242158e-09
007006052 1.141401e-08
007006053 1.114317e-08
007006054 1.093351e-08
007006055 1.093019e-08
007007056 2.080506e-11
007007057 4.329199e-10
007007058 5.842355e-10
007007059 1.498994e-10
007007060 5.359051e-09
007007061 5.402139e-09
007007062 5.637517e-09
007007063 5.495716e-09
007008064 8.085215e-09
007008065 2.639249e-10
007008066 0.000000e+00
007008067 9.781207e-10
007008068 5.304173e-09
007008069 4.552894e-09
007008070 1.252288e-08
007008071 5.386213e-09
007009072 8.354156e-09
007009073 6.530476e-09
007009074 2.845780e-10
007009075 1.689768e-10
007009076 1.232304e-08
007009077 1.204095e-08
007009078 1.193812e-08
007009079 1.220751e-08
007010080 8.021333e-09
007010081 7.365723e-09
007010082 1.160662e-08
007010083 1.075303e-08
007010084 1.096360e-08
007010085 1.101269e-08
007010086 1.064641e-08
007010087 1.073949e-08
007011088 5.422275e-09
007011089 6.168516e-09
007011090 3.829714e-10
007011091 3.238668e-10
007011092 1.064730e-08
007011093 9.848741e-09
007011094 1.121532e-08
007011095 1.093458e-08
011000000 -2.037497e-26
011000001 -2.029398e-26
011000002 -9.271984e-10
011000003 9.244764e-10
011000004 -6.726727e-10
011000005 5.278226e-10
011000006 -8.704093e-10
011000007 -5.512405e-10
011001008 -5.403821e-10
011001009 3.743507e-10
011001010 8.511020e-11
011001011 -8.286849e-10
011001012 -3.161268e-10
011001013 -2.795031e-10
011001014 5.678895e-09
011001015 4.959653e-09
011002016 -1.348484e-10
011002017 1.395219e-09
011002018 5.468610e-10
011002019 1.037832e-09
011002020 0.000000e+00
011002021 2.395056e-09
011002022 4.775045e-09
011002023 5.202916e-09
011003024 8.365935e-10
011003025 1.073988e-09
011003026 0.000000e+00
011003027 9.838939e-10
011003028 0.000000e+00
011003029 4.900650e-10
011003030 0.000000e+00
011003031 5.620648e-09
011004032 0.000000e+00
011004033 1.667921e-09
011004034 1.665611e-09
011004035 1.471446e-09
011004036 -1.491102e-10
011004037 -6.218472e-10
011004038 1.982413e-10
011004039 3.830841e-10
011005040 -5.433656e-10
011005041 -5.659629e-10
011005042 -4.685134e-10
011005043 2.636096e-10
011005044 1.039437e-09
011005045 1.505940e-09
011005046 2.367378e-09
011005047 2.523427e-09
011006048 1.022264e-09
011006049 1.901820e-09
011006050 8.156946e-10
011006051 1.510249e-09
011006052 7.136235e-10
011006053 1.143791e-09
011006054 0.000000e+00
011006055 0.000000e+00
011007056 5.394650e-10
011007057 1.057283e-09
011007058 9.040064e-10
011007059 1.549565e-09
011007060 8.164103e-10
011007061 2.037520e-09
011007062 1.062475e-09
011007063 1.751424e-09
011008064 -8.893838e-10
011008065 -7.864822e-10
011008066 -9.751027e-10
011008067 -4.534446e-10
011008068 -1.586560e-09
011008069 -9.809981e-10
011008070 3.032365e-09
011008071 4.089963e-09
011009072 -6.795422e-11
011009073 8.161185e-10
011009074 1.827357e-10
011009075 2.945272e-10
011009076 4.685809e-09
011009077 5.487317e-09
011009078 5.203242e-09
011009079 5.082132e-09
011010080 -1.503528e-10
011010081 3.401756e-10
011010082 -1.701413e-10
011010083 3.019951e-10
011010084 0.000000e+00
011010085 5.391274e-09
011010086 5.850009e-09
011010087 5.624216e-09
011011088 -2.424372e-10
011011089 3.013898e-10
011011090 9.259489e-11
011011091 7.172507e-10
011011092 5.540607e-09
011011093 5.382686e-09
011011094 0.000000e+00
011011095 0.000000e+00
013000000 0.000000e+00
013000001 0.000000e+00
013000002 0.000000e+00
013000003 0.000000e+00
013000004 0.000000e+00
013000005 0.000000e+00
013000006 0.000000e+00
013000007 0.000000e+00
013001008 0.000000e+00
013001009 0.000000e+00
013001010 0.000000e+00
013001011 0.000000e+00
013001012 0.000000e+00
013001013 0.000000e+00
013001014 0.000000e+00
013001015 0.000000e+00
013002016 0.000000e+00
013002017 0.000000e+00
013002018 0.000000e+00
013002019 0.000000e+00
013002020 0.000000e+00
013002021 0.000000e+00
013002022 0.000000e+00
013002023 0.000000e+00
013003024 0.000000e+00
013003025 0.000000e+00
013003026 0.000000e+00
013003027 0.000000e+00
013003028 0.000000e+00
013003029 0.000000e+00
013003030 0.000000e+00
013003031 0.000000e+00
013004032 0.000000e+00
013004033 0.000000e+00
013004034 0.000000e+00
013004035 0.000000e+00
013004036 0.000000e+00
013004037 0.000000e+00
013004038 0.000000e+00
013004039 0.000000e+00
013005040 0.000000e+00
013005041 0.000000e+00
013005042 0.000000e+00
013005043 0.000000e+00
013005044 0.000000e+00
013005045 0.000000e+00
013005046 0.000000e+00
013005047 0.000000e+00
013006048 0.000000e+00
013006049 0.000000e+00
013006050 0.000000e+00
013006051 0.000000e+00
013006052 0.000000e+00
013006053 0.000000e+00
013006054 0.000000e+00
013006055 0.000000e+00
013007056 0.000000e+00
013007057 0.000000e+00
013007058 0.000000e+00
013007059 0.000000e+00
013007060 0.000000e+00
013007061 0.000000e+00
013007062 0.000000e+00
013007063 0.000000e+00
013008064 0.000000e+00
013008065 0.000000e+00
013008066 0.000000e+00
013008067 0.000000e+00
013008068 0.000000e+00
013008069 0.000000e+00
013008070 0.000000e+00
013008071 0.000000e+00
013009072 0.000000e+00
013009073 0.000000e+00
013009074 0.000000e+00
013009075 0.000000e+00
013009076 0.000000e+00
013009077 0.000000e+00
013009078 0.000000e+00
013009079 0.000000e+00
013010080 0.000000e+00
013010081 0.000000e+00
013010082 0.000000e+00
013010083 0.000000e+00
013010084 0.000000e+00
013010085 0.000000e+00
013010086 0.000000e+00
013010087 0.000000e+00
013011088 0.000000e+00
013011089 0.000000e+00
013011090 0.000000e+00
013011091 0.000000e+00
013011092 0.000000e+00
013011093 0.000000e+00
013011094 0.000000e+00
013011095 0.000000e+00
017000000 6.448052e-26
017000001 -5.365872e-26
017000002 2.000861e-10
017000003 5.157331e-10
017000004 1.555851e-10
017000005 3.533479e-10
017000006 5.905662e-10
017000007 -3.532715e-11
017001008 -4.902705e-10
017001009 -3.455765e-10
017001010 1.204972e-09
017001011 3.464943e-10
017001012 7.838067e-10
017001013 -9.204954e-11
017001014 1.370350e-09
017001015 3.283846e-10
017002016 -3.149599e-11
017002017 -6.285018e-11
017002018 1.468770e-09
017002019 2.277822e-10
017002020 1.019813e-09
017002021 1.316987e-09
017002022 9.926569e-10
017002023 3.111036e-10
017003024 9.205098e-10
017003025 -2.176020e-10
017003026 8.435731e-10
017003027 -8.154026e-11
017003028 -1.119259e-09
017003029 -1.344832e-09
017003030 2.028858e-10
017003031 7.439405e-10
017004032 -2.771468e-10
017004033 -1.347259e-09
017004034 -1.096829e-09
017004035 -5.145889e-10
017004036 -1.884595e-09
017004037 -1.277658e-09
017004038 3.449009e-09
017004039 3.432725e-09
017005040 -5.871026e-10
017005041 -1.123479e-09
017005042 -1.164474e-09
017005043 -1.022396e-09
017005044 4.639948e-09
017005045 3.735808e-09
017005046 4.248443e-09
017005047 3.210019e-09
017006048 -1.013410e-09
017006049 -1.237451e-09
017006050 -1.711834e-09
017006051 -1.235681e-09
017006052 -2.062926e-09
017006053 -2.255526e-09
017006054 3.667952e-09
017006055 2.283808e-09
017007056 -2.364611e-11
017007057 -1.443319e-09
017007058 -1.481588e-09
017007059 -1.262214e-09
017007060 -5.130287e-10
017007061 -4.820342e-10
017007062 4.484546e-09
017007063 4.274392e-09
017008064 -2.518516e-10
017008065 -3.337891e-10
017008066 3.160511e-10
017008067 -6.291229e-10
017008068 -7.346601e-11
017008069 -9.478043e-10
017008070 2.797231e-11
017008071 -1.084051e-09
017009072 -1.643941e-11
017009073 -1.161150e-10
017009074 3.574894e-10
017009075 -1.075842e-09
017009076 1.014746e-10
017009077 -1.176423e-09
017009078 2.280709e-10
017009079 -2.620823e-10
017010080 -1.792153e-10
017010081 -5.252251e-10
017010082 -1.267855e-09
017010083 -1.411868e-09
017010084 -1.083865e-09
017010085 -2.313031e-09
017010086 -6.439865e-10
017010087 -1.628179e-09
017011088 -1.340292e-09
017011089 -1.636397e-09
017011090 1.843995e-10
017011091 3.142596e-10
017011092 7.100394e-10
017011093 -8.865951e-10
017011094 3.075945e-10
017011095 -2.531318e-10
021000000 -1.301598e-27
021000001 -2.525259e-26
021000002 1.663138e-10
021000003 -5.379264e-11
021000004 -1.790029e-10
021000005 -4.082045e-10
021000006 -8.306219e-11
021000007 5.038363e-10
021001008 -3.879521e-10
021001009 8.477039e-11
021001010 9.531913e-10
021001011 -8.836282e-11
021001012 1.148072e-09
021001013 1.078311e-09
021001014 1.233390e-09
021001015 5.200561e-10
021002016 -5.952466e-11
021002017 3.524985e-10
021002018 5.926763e-10
021002019 8.207645e-10
021002020 2.871851e-10
021002021 6.868810e-10
021002022 1.688296e-08
021002023 7.683831e-10
021003024 3.365708e-10
021003025 6.656391e-10
021003026 4.585542e-10
021003027 9.435967e-10
021003028 5.893308e-10
021003029 4.805930e-10
021003030 6.135355e-10
021003031 5.956089e-10
021004032 -3.807856e-10
021004033 2.445202e-10
021004034 6.881799e-10
021004035 1.447983e-09
021004036 2.348124e-10
021004037 -9.851591e-11
021004038 4.575219e-10
021004039 0.000000e+00
021005040 8.584755e-10
021005041 5.616868e-10
021005042 -3.479092e-11
021005043 7.587418e-10
021005044 -1.896397e-10
021005045 3.958017e-10
021005046 -1.161805e-09
021005047 5.807466e-11
021006048 3.626218e-10
021006049 1.732156e-09
021006050 -1.748339e-09
021006051 -9.740022e-10
021006052 -8.570531e-11
021006053 3.657662e-10
021006054 9.280400e-10
021006055 3.687398e-10
021007056 9.720881e-10
021007057 1.241069e-09
021007058 5.251161e-10
021007059 4.861123e-11
021007060 1.192540e-07
021007061 0.000000e+00
021007062 4.633554e-10
021007063 7.571037e-10
021008064 -3.130594e-10
021008065 -1.642869e-10
021008066 -4.539872e-09
021008067 -3.339052e-09
021008068 3.381491e-10
021008069 6.620860e-10
021008070 5.822266e-11
021008071 -3.550018e-10
021009072 -3.390049e-10
021009073 -6.559521e-11
021009074 -6.731050e-10
021009075 -1.738326e-10
021009076 3.584831e-09
021009077 5.041869e-09
021009078 -1.254682e-09
021009079 1.112832e-10
021010080 -8.028004e-10
021010081 -6.028766e-10
021010082 -2.416877e-09
021010083 -1.798542e-09
021010084 -2.194930e-09
021010085 -1.583471e-09
021010086 -1.422239e-09
021010087 -6.588193e-10
021011088 -1.537485e-09
021011089 -4.990473e-10
021011090 -4.047274e-10
021011091 2.563150e-10
021011092 1.479332e-09
021011093 5.367446e-10
021011094 -1.004205e-09
021011095 -9.407278e-10
024000000 -1.263270e-26
024000001 1.932713e-26
024000002 -5.808701e-10
024000003 1.048889e-10
024000004 7.729621e-10
024000005 1.347040e-09
024000006 -1.285808e-09
024000007 -7.976290e-11
024001008 -3.326738e-10
024001009 2.526866e-10
024001010 9.052585e-11
024001011 2.964015e-12
024001012 1.962030e-10
024001013 -3.150241e-10
024001014 5.684659e-10
024001015 7.546467e-10
024002016 5.975367e-09
024002017 7.008703e-09
024002018 6.024978e-09
024002019 7.668501e-09
024002020 6.176974e-09
024002021 7.050431e-09
024002022 1.834774e-10
024002023 4.870693e-10
024003024 2.045864e-10
024003025 1.218585e-09
024003026 2.816228e-10
024003027 1.510048e-09
024003028 -3.208640e-10
024003029 9.268547e-10
024003030 1.783060e-10
024003031 2.960119e-10
024004032 1.553038e-10
024004033 9.962681e-10
024004034 -1.561743e-10
024004035 9.650156e-10
024004036 2.962280e-10
024004037 1.254172e-09
024004038 5.666554e-09
024004039 7.100277e-09
024005040 0.000000e+00
024005041 0.000000e+00
024005042 5.868033e-09
024005043 8.678102e-09
024005044 9.359841e-11
024005045 1.750655e-09
024005046 6.233969e-11
024005047 2.188956e-10
024006048 6.140577e-10
024006049 4.984542e-10
024006050 4.862690e-10
024006051 8.871487e-10
024006052 4.663618e-10
024006053 1.197562e-09
024006054 1.440586e-09
024006055 8.774781e-10
024007056 6.928718e-10
024007057 1.241785e-09
024007058 8.539155e-10
024007059 1.079097e-09
024007060 5.985221e-10
024007061 1.502647e-09
024007062 3.925755e-10
024007063 6.883764e-10
024008064 9.704717e-10
024008065 1.530328e-09
024008066 6.739968e-10
024008067 2.822333e-09
024008068 6.550491e-09
024008069 7.476298e-09
024008070 7.166444e-09
024008071 8.339695e-09
024009072 6.631762e-09
024009073 6.748900e-09
024009074 6.384721e-09
024009075 8.320961e-09
024009076 4.827002e-10
024009077 1.374604e-09
024009078 7.638695e-10
024009079 1.642080e-09
024010080 1.292203e-09
024010081 1.361309e-09
024010082 1.101502e-09
024010083 7.895141e-10
024010084 1.063558e-09
024010085 1.580737e-09
024010086 9.340889e-10
024010087 1.048079e-09
024011088 1.148752e-09
024011089 1.879714e-09
024011090 6.177517e-10
024011091 1.427196e-09
024011092 1.705133e-09
024011093 1.984715e-09
024011094 8.633750e-10
024011095 1.373966e-09
026000000 1.894835e-26
026000001 -7.633706e-27
026000002 2.874752e-11
026000003 2.413435e-10
026000004 7.100943e-11
026000005 3.616431e-10
026000006 -2.568943e-10
026000007 5.608285e-10
026001008 2.946397e-11
026001009 5.102694e-10
026001010 7.162136e-12
026001011 -1.260646e-10
026001012 -1.010513e-11
026001013 4.986754e-10
026001014 1.305033e-10
026001015 8.342364e-10
026002016 6.454665e-09
026002017 8.210777e-09
026002018 -2.151558e-10
026002019 6.434573e-10
026002020 -2.494357e-10
026002021 6.546409e-10
026002022 8.892368e-11
026002023 7.090693e-11
026003024 -3.449987e-10
026003025 6.210835e-10
026003026 -7.346868e-12
026003027 5.836444e-10
026003028 1.691908e-11
026003029 6.234733e-10
026003030 2.416006e-10
026003031 5.840754e-10
026004032 7.760198e-11
026004033 1.238852e-09
026004034 -2.178289e-10
026004035 6.111145e-10
026004036 6.140340e-09
026004037 7.534291e-09
026004038 6.339972e-09
026004039 8.527673e-09
026005040 6.869703e-09
026005041 7.480378e-09
026005042 -6.884179e-11
026005043 3.002842e-10
026005044 1.799720e-10
026005045 1.063014e-09
026005046 1.897051e-10
026005047 1.441235e-09
026006048 1.366612e-10
026006049 1.312202e-09
026006050 -6.713558e-11
026006051 7.160701e-10
026006052 -1.209651e-10
026006053 6.654967e-10
026006054 1.048933e-10
026006055 0.000000e+00
026007056 7.967723e-12
026007057 1.359725e-09
026007058 1.099683e-10
026007059 8.846655e-10
026007060 1.784923e-10
026007061 1.230212e-09
026007062 4.201854e-11
026007063 7.528011e-10
026008064 6.162627e-09
026008065 7.556967e-09
026008066 5.777915e-09
026008067 7.242698e-09
026008068 6.238734e-09
026008069 7.786150e-09
026008070 -5.502058e-11
026008071 7.407894e-10
026009072 2.065123e-10
026009073 1.161156e-09
026009074 2.336245e-10
026009075 1.030166e-09
026009076 6.701920e-11
026009077 1.334050e-09
026009078 3.333136e-10
026009079 1.289573e-09
026010080 4.628933e-10
026010081 1.083579e-09
026010082 4.572283e-09
026010083 6.692404e-09
026010084 4.554635e-09
026010085 5.344354e-09
026010086 9.709664e-11
026010087 5.156193e-10
026011088 5.654605e-13
026011089 3.489618e-10
026011090 3.575122e-10
026011091 4.326926e-10
026011092 9.912629e-11
026011093 7.021305e-10
026011094 3.887072e-10
026011095 1.131800e-09
028000000 -1.427110e-26
028000001 -1.427110e-26
028000002 -2.810972e-10
028000003 -2.810972e-10
028000004 5.003320e-09
028000005 5.003320e-09
028000006 5.489114e-09
028000007 5.489114e-09
028001008 -3.318683e-10
028001009 -3.318683e-10
028001010 -6.561370e-10
028001011 -6.561370e-10
028001012 5.355581e-09
028001013 5.355581e-09
028001014 5.956618e-09
028001015 5.956618e-09
028002016 3.705067e-10
028002017 3.705067e-10
028002018 -1.392937e-10
028002019 -1.392937e-10
028002020 5.132478e-09
028002021 5.132478e-09
028002022 1.084184e-08
028002023 1.084184e-08
028003024 5.263275e-09
028003025 5.263275e-09
028003026 9.567085e-11
028003027 9.567085e-11
028003028 4.902222e-09
028003029 4.902222e-09
028003030 5.218171e-09
028003031 5.218171e-09
028004032 1.406846e-09
028004033 1.406846e-09
028004034 1.817246e-09
028004035 1.817246e-09
028004036 8.404476e-10
028004037 8.404476e-10
028004038 5.661641e-09
028004039 5.661641e-09
028005040 1.386658e-09
028005041 1.386658e-09
028005042 1.310712e-09
028005043 1.310712e-09
028005044 8.834383e-10
028005045 8.834383e-10
028005046 6.948702e-09
028005047 6.948702e-09
028006048 8.538378e-09
028006049 8.538378e-09
028006050 8.256505e-09
028006051 8.256505e-09
028006052 1.205715e-08
028006053 1.205715e-08
028006054 1.168937e-08
028006055 1.168937e-08
028007056 7.977536e-10
028007057 7.977536e-10
028007058 1.053873e-09
028007059 1.053873e-09
028007060 1.178530e-09
028007061 1.178530e-09
028007062 7.285278e-10
028007063 7.285278e-10
028008064 4.271854e-09
028008065 4.271854e-09
028008066 4.478693e-09
028008067 4.478693e-09
028008068 5.044980e-09
028008069 5.044980e-09
028008070 5.360247e-09
028008071 5.360247e-09
028009072 4.751805e-09
028009073 4.751805e-09
028009074 4.482454e-09
028009075 4.482454e-09
028009076 4.675664e-09
028009077 4.675664e-09
028009078 5.452531e-09
028009079 5.452531e-09
028010080 1.148973e-08
028010081 1.148973e-08
028010082 1.071350e-08
028010083 1.071350e-08
028010084 1.150118e-08
028010085 1.150118e-08
028010086 1.053399e-08
028010087 1.053399e-08
028011088 4.499322e-09
028011089 4.499322e-09
028011090 4.525073e-09
028011091 4.525073e-09
028011092 1.142273e-09
028011093 1.142273e-09
028011094 4.722752e-09
028011095 4.722752e-09
030000000 -1.009755e-26
030000001 5.614114e-26
030000002 7.121823e-10
030000003 4.770084e-10
030000004 5.936706e-09
030000005 5.540621e-09
030000006 5.567209e-09
030000007 5.344766e-09
030001008 -3.902874e-10
030001009 1.888326e-10
030001010 -1.407634e-10
030001011 4.509568e-10
030001012 5.913238e-09
030001013 5.552871e-09
030001014 5.457844e-09
030001015 5.766155e-09
030002016 5.938565e-10
030002017 1.024256e-10
030002018 7.255419e-10
030002019 9.495802e-10
030002020 6.192796e-09
030002021 5.262618e-09
030002022 6.158486e-09
030002023 5.433802e-09
030003024 9.863073e-10
030003025 1.438236e-10
030003026 2.755544e-10
030003027 -6.705079e-10
030003028 4.600814e-09
030003029 4.728474e-09
030003030 5.971105e-09
030003031 6.229915e-09
030004032 0.000000e+00
030004033 0.000000e+00
030004034 -3.164355e-09
030004035 -3.421169e-09
030004036 -2.829589e-09
030004037 -3.525322e-09
030004038 -2.846342e-09
030004039 -3.622932e-09
030005040 -3.269442e-09
030005041 -3.219364e-09
030005042 -2.760219e-09
030005043 -3.745990e-09
030005044 -3.100768e-09
030005045 -3.799958e-09
030005046 -3.217059e-09
030005047 -3.704022e-09
030006048 -3.234571e-09
030006049 -3.187482e-09
030006050 -3.349130e-09
030006051 -3.871926e-09
030006052 -4.709517e-09
030006053 -4.552435e-09
030006054 -4.489447e-09
030006055 -4.498381e-09
030007056 -3.938350e-09
030007057 -4.066722e-09
030007058 -2.655315e-09
030007059 -1.694269e-09
030007060 -3.501168e-09
030007061 -3.118828e-09
030007062 -3.334736e-09
030007063 -4.492340e-09
030008064 2.808097e-09
030008065 1.819453e-09
030008066 2.322699e-09
030008067 1.778909e-09
030008068 2.525149e-09
030008069 2.198681e-09
030008070 1.755996e-09
030008071 1.214745e-09
030009072 -5.346453e-10
030009073 -5.887561e-10
030009074 1.506047e-09
030009075 1.268339e-09
030009076 2.163627e-09
030009077 2.397105e-09
030009078 1.133958e-09
030009079 1.603721e-09
030010080 1.707078e-09
030010081 1.377341e-09
030010082 7.438766e-10
030010083 5.690630e-10
030010084 0.000000e+00
030010085 0.000000e+00
030010086 5.747335e-09
030010087 5.356862e-09
030011088 4.143078e-10
030011089 9.529415e-10
030011090 2.263050e-09
030011091 1.727711e-09
030011092 1.864478e-09
030011093 1.622967e-09
030011094 2.087746e-09
030011095 1.823027e-09
031000000 -1.048977e-25
031000001 -1.048977e-25
031000002 -4.696915e-10
031000003 -4.696915e-10
031000004 5.694576e-10
031000005 5.694576e-10
031000006 2.981069e-10
031000007 2.981069e-10
031001008 1.475314e-09
031001009 1.475314e-09
031001010 6.673189e-10
031001011 6.673189e-10
031001012 -1.224031e-09
031001013 -1.224031e-09
031001014 9.091419e-10
031001015 9.091419e-10
031002016 3.887433e-09
031002017 3.887433e-09
031002018 -1.018252e-10
031002019 -1.018252e-10
031002020 1.489683e-09
031002021 1.489683e-09
031002022 4.473447e-09
031002023 4.473447e-09
031003024 -1.691609e-10
031003025 -1.691609e-10
031003026 1.487056e-09
031003027 1.487056e-09
031003028 3.248952e-10
031003029 3.248952e-10
031003030 2.237774e-09
031003031 2.237774e-09
031004032 -3.105328e-09
031004033 -3.105328e-09
031004034 -3.085571e-09
031004035 -3.085571e-09
031004036 6.278558e-09
031004037 6.278558e-09
031004038 1.099342e-08
031004039 1.099342e-08
031005040 5.473714e-09
031005041 5.473714e-09
031005042 -2.358845e-09
031005043 -2.358845e-09
031005044 6.488723e-09
031005045 6.488723e-09
031005046 6.152266e-09
031005047 6.152266e-09
031006048 -3.453107e-09
031006049 -3.453107e-09
031006050 2.406779e-09
031006051 2.406779e-09
031006052 2.335020e-09
031006053 2.335020e-09
031006054 2.908685e-09
031006055 2.908685e-09
031007056 -3.370969e-09
031007057 -3.370969e-09
031007058 -2.596959e-09
031007059 -2.596959e-09
031007060 2.382884e-09
031007061 2.382884e-09
031007062 2.290542e-09
031007063 2.290542e-09
031008064 9.167230e-09
031008065 9.167230e-09
031008066 0.000000e+00
031008067 0.000000e+00
031008068 1.025450e-08
031008069 1.025450e-08
031008070 5.582134e-09
031008071 5.582134e-09
031009072 1.340829e-09
031009073 1.340829e-09
031009074 3.762141e-10
031009075 3.762141e-10
031009076 4.998389e-09
031009077 4.998389e-09
031009078 6.617532e-09
031009079 6.617532e-09
031010080 2.211534e-09
031010081 2.211534e-09
031010082 -2.349887e-09
031010083 -2.349887e-09
031010084 1.025855e-08
031010085 1.025855e-08
031010086 2.417189e-09
031010087 2.417189e-09
031011088 -1.736608e-09
031011089 -1.736608e-09
031011090 -2.129902e-09
031011091 -2.129902e-09
031011092 1.519156e-08
031011093 1.519156e-08
031011094 0.000000e+00
031011095 0.000000e+00
032000000 -7.983774e-27
032000001 1.000888e-26
032000002 3.592704e-10
032000003 -3.422190e-10
032000004 -5.136513e-10
032000005 -5.871104e-10
032000006 -2.035793e-10
032000007 -3.215637e-10
032001008 1.675907e-10
032001009 -4.955081e-10
032001010 -3.865462e-10
032001011 -5.395121e-10
032001012 -7.663243e-10
032001013 -1.098202e-09
032001014 4.286964e-09
032001015 4.778222e-09
032002016 5.132132e-10
032002017 1.228703e-11
032002018 -1.595306e-09
032002019 -1.724502e-09
032002020 5.657781e-09
032002021 4.390102e-09
032002022 5.681950e-09
032002023 4.531388e-09
032003024 3.847227e-10
032003025 -4.093425e-10
032003026 9.393693e-10
032003027 -2.029870e-10
032003028 1.116501e-10
032003029 -2.372893e-10
032003030 5.409892e-09
032003031 4.740187e-09
032004032 1.271193e-09
032004033 1.264974e-09
032004034 1.626889e-09
032004035 8.803978e-10
032004036 0.000000e+00
032004037 0.000000e+00
032004038 -2.035446e-10
032004039 -2.337220e-10
032005040 4.878359e-11
032005041 -1.885261e-10
032005042 -7.655465e-11
032005043 -1.131038e-09
032005044 -1.812971e-10
032005045 -7.547590e-10
032005046 1.994514e-09
032005047 1.373444e-09
032006048 1.139068e-09
032006049 0.000000e+00
032006050 5.763589e-10
032006051 -8.190336e-11
032006052 1.209208e-09
032006053 5.708392e-11
032006054 2.038693e-09
032006055 1.283813e-09
032007056 0.000000e+00
032007057 0.000000e+00
032007058 7.260726e-10
032007059 6.645837e-10
032007060 2.579563e-09
032007061 7.154569e-10
032007062 1.547852e-09
032007063 1.577106e-10
032008064 2.066333e-09
032008065 1.017685e-09
032008066 1.902721e-09
032008067 7.197809e-10
032008068 1.415692e-10
032008069 -9.052573e-10
032008070 2.853803e-11
032008071 -4.449251e-10
032009072 -1.734520e-10
032009073 -1.533446e-10
032009074 1.675768e-09
032009075 1.516862e-09
032009076 1.079337e-09
032009077 1.210005e-09
032009078 1.523673e-09
032009079 4.719831e-10
032010080 2.010929e-09
032010081 1.259929e-09
032010082 9.373229e-10
032010083 5.007082e-10
032010084 1.914872e-09
032010085 1.104690e-09
032010086 1.623698e-09
032010087 2.690512e-10
032011088 1.406095e-09
032011089 1.175839e-09
032011090 1.592649e-09
032011091 -1.898257e-10
032011092 1.705988e-09
032011093 1.433428e-09
032011094 1.157586e-09
032011095 3.119844e-10
101000000 -8.072509e-26
101000001 2.057375e-25
101000002 2.147705e-09
101000003 4.210068e-10
101000004 5.548584e-09
101000005 5.775178e-09
101000006 5.814455e-09
101000007 4.573543e-09
101001008 4.971839e-11
101001009 -5.889896e-10
101001010 1.474282e-09
101001011 -4.500326e-10
101001012 6.626662e-09
101001013 4.421307e-09
101001014 6.162765e-09
101001015 5.483231e-09
101002016 8.069009e-10
101002017 4.125681e-10
101002018 2.006573e-09
101002019 3.998211e-10
101002020 7.090416e-09
101002021 5.221158e-09
101002022 6.725945e-09
101002023 5.547494e-09
101003024 1.155937e-09
101003025 5.210278e-10
101003026 5.590146e-10
101003027 1.302070e-09
101003028 6.733046e-09
101003029 5.399400e-09
101003030 5.798627e-09
101003031 5.539590e-09
101004032 4.410253e-09
101004033 3.555062e-09
101004034 3.738044e-09
101004035 3.639281e-09
101004036 3.337256e-09
101004037 1.917767e-09
101004038 4.601015e-09
101004039 3.333258e-09
101005040 4.186620e-09
101005041 5.141870e-09
101005042 4.752873e-09
101005043 3.720036e-09
101005044 3.944215e-09
101005045 2.935372e-09
101005046 3.476773e-09
101005047 3.358847e-09
101006048 5.108266e-09
101006049 5.000658e-09
101006050 5.455448e-09
101006051 3.722554e-09
101006052 4.721035e-09
101006053 3.589266e-09
101006054 4.429620e-09
101006055 3.684154e-09
101007056 3.898213e-09
101007057 4.299222e-09
101007058 3.851481e-09
101007059 3.350892e-09
101007060 4.656304e-09
101007061 3.004252e-09
101007062 4.191985e-09
101007063 3.971009e-09
101008064 -1.898354e-10
101008065 -3.228024e-10
101008066 7.474282e-10
101008067 -5.474397e-10
101008068 3.790506e-09
101008069 3.820112e-09
101008070 4.799167e-09
101008071 5.130464e-09
101009072 6.318275e-10
101009073 -2.506429e-10
101009074 1.507677e-09
101009075 8.718654e-10
101009076 6.531758e-09
101009077 5.791572e-09
101009078 5.546309e-09
101009079 5.810647e-09
101010080 1.874527e-09
101010081 7.096798e-10
101010082 1.618870e-09
101010083 3.496126e-10
101010084 2.998929e-09
101010085 1.998667e-09
101010086 3.605256e-09
101010087 2.647571e-09
101011088 -2.170970e-09
101011089 -2.312682e-09
101011090 1.808402e-09
101011091 1.121220e-09
101011092 5.647358e-09
101011093 5.427482e-09
101011094 6.711481e-09
101011095 5.433454e-09
103000000 -2.095624e-26
103000001 5.019043e-27
103000002 -2.179105e-10
103000003 1.148006e-09
103000004 1.545737e-10
103000005 4.114371e-10
103000006 0.000000e+00
103000007 1.480777e-09
103001008 -5.994262e-11
103001009 7.090672e-10
103001010 -4.904627e-10
103001011 8.305107e-10
103001012 3.790236e-10
103001013 -5.209353e-10
103001014 4.859867e-09
103001015 6.481710e-09
103002016 7.664571e-09
103002017 8.444058e-09
103002018 8.481624e-09
103002019 6.818605e-09
103002020 7.266329e-09
103002021 8.749108e-09
103002022 1.033010e-08
103002023 -5.009393e-09
103003024 6.019630e-09
103003025 6.128561e-09
103003026 -5.987739e-11
103003027 -1.802181e-10
103003028 9.015094e-10
103003029 -2.352473e-09
103003030 5.854480e-09
103003031 5.226004e-09
103004032 7.055968e-09
103004033 -1.074845e-09
103004034 3.639169e-10
103004035 -8.852391e-10
103004036 6.930477e-09
103004037 7.008882e-09
103004038 6.077105e-09
103004039 6.718233e-09
103005040 6.126868e-09
103005041 5.731822e-09
103005042 4.530542e-09
103005043 4.012265e-09
103005044 4.173209e-09
103005045 4.378646e-09
103005046 5.620070e-09
103005047 6.040397e-09
103006048 6.155020e-09
103006049 8.795326e-09
103006050 -2.332245e-10
103006051 -1.889171e-10
103006052 -6.299074e-10
103006053 -1.466974e-09
103006054 -2.464113e-10
103006055 -1.037581e-10
103007056 2.799732e-10
103007057 -1.563775e-08
103007058 -4.819800e-10
103007059 3.307924e-10
103007060 6.227171e-09
103007061 5.176355e-09
103007062 5.487226e-09
103007063 7.014776e-09
103008064 7.097609e-09
103008065 6.594522e-09
103008066 7.670605e-09
103008067 1.366317e-08
103008068 6.225259e-09
103008069 5.632046e-09
103008070 1.028265e-08
103008071 1.086998e-08
103009072 5.945303e-09
103009073 6.282381e-09
103009074 5.601943e-09
103009075 6.539610e-09
103009076 5.937588e-09
103009077 6.473019e-09
103009078 6.734190e-09
103009079 7.061552e-09
103010080 7.144879e-09
103010081 7.043820e-09
103010082 7.215865e-09
103010083 6.817026e-09
103010084 6.551415e-09
103010085 -1.733602e-08
103010086 1.367360e-10
103010087 1.366625e-09
103011088 4.641376e-11
103011089 1.633400e-09
103011090 1.099568e-09
103011091 6.432574e-09
103011092 6.812524e-09
103011093 6.835242e-09
103011094 1.147032e-08
103011095 1.313877e-08
201000000 0.000000e+00
201000001 0.000000e+00
201000002 0.000000e+00
201000003 0.000000e+00
201000004 0.000000e+00
201000005 0.000000e+00
201000006 0.000000e+00
201000007 0.000000e+00
201001008 0.000000e+00
201001009 0.000000e+00
201001010 0.000000e+00
201001011 0.000000e+00
201001012 0.000000e+00
201001013 0.000000e+00
201001014 0.000000e+00
201001015 0.000000e+00
201002016 0.000000e+00
201002017 0.000000e+00
201002018 0.000000e+00
201002019 0.000000e+00
201002020 0.000000e+00
201002021 0.000000e+00
201002022 0.000000e+00
201002023 0.000000e+00
201003024 0.000000e+00
201003025 0.000000e+00
201003026 0.000000e+00
201003027 0.000000e+00
201003028 0.000000e+00
201003029 0.000000e+00
201003030 0.000000e+00
201003031 0.000000e+00
201004032 0.000000e+00
201004033 0.000000e+00
201004034 0.000000e+00
201004035 0.000000e+00
201004036 0.000000e+00
201004037 0.000000e+00
201004038 0.000000e+00
201004039 0.000000e+00
201005040 0.000000e+00
201005041 0.000000e+00
201005042 0.000000e+00
201005043 0.000000e+00
201005044 0.000000e+00
201005045 0.000000e+00
201005046 0.000000e+00
201005047 0.000000e+00
201006048 0.000000e+00
201006049 0.000000e+00
201006050 0.000000e+00
201006051 0.000000e+00
201006052 0.000000e+00
201006053 0.000000e+00
201006054 0.000000e+00
201006055 0.000000e+00
201007056 0.000000e+00
201007057 0.000000e+00
201007058 0.000000e+00
201007059 0.000000e+00
201007060 0.000000e+00
201007061 0.000000e+00
201007062 0.000000e+00
201007063 0.000000e+00
201008064 0.000000e+00
201008065 0.000000e+00
201008066 0.000000e+00
201008067 0.000000e+00
201008068 0.000000e+00
201008069 0.000000e+00
201008070 0.000000e+00
201008071 0.000000e+00
201009072 0.000000e+00
201009073 0.000000e+00
201009074 0.000000e+00
201009075 0.000000e+00
201009076 0.000000e+00
201009077 0.000000e+00
201009078 0.000000e+00
201009079 0.000000e+00
201010080 0.000000e+00
201010081 0.000000e+00
201010082 0.000000e+00
201010083 0.000000e+00
201010084 0.000000e+00
201010085 0.000000e+00
201010086 0.000000e+00
201010087 0.000000e+00
201011088 0.000000e+00
201011089 0.000000e+00
201011090 0.000000e+00
201011091 0.000000e+00
201011092 0.000000e+00
201011093 0.000000e+00
201011094 0.000000e+00
201011095 0.000000e+00
301000000 0.000000e+00
301000001 0.000000e+00
301000002 0.000000e+00
301000003 0.000000e+00
301000004 0.000000e+00
301000005 0.000000e+00
301000006 0.000000e+00
301000007 0.000000e+00
301001008 0.000000e+00
301001009 0.000000e+00
301001010 0.000000e+00
301001011 0.000000e+00
301001012 0.000000e+00
301001013 0.000000e+00
301001014 0.000000e+00
301001015 0.000000e+00
301002016 0.000000e+00
301002017 0.000000e+00
301002018 0.000000e+00
301002019 0.000000e+00
301002020 0.000000e+00
301002021 0.000000e+00
301002022 0.000000e+00
301002023 0.000000e+00
301003024 0.000000e+00
301003025 0.000000e+00
301003026 0.000000e+00
301003027 0.000000e+00
301003028 0.000000e+00
301003029 0.000000e+00
301003030 0.000000e+00
301003031 0.000000e+00
301004032 0.000000e+00
301004033 0.000000e+00
301004034 0.000000e+00
301004035 0.000000e+00
301004036 0.000000e+00
301004037 0.000000e+00
301004038 0.000000e+00
301004039 0.000000e+00
301005040 0.000000e+00
301005041 0.000000e+00
301005042 0.000000e+00
301005043 0.000000e+00
301005044 0.000000e+00
301005045 0.000000e+00
301005046 0.000000e+00
301005047 0.000000e+00
301006048 0.000000e+00
301006049 0.000000e+00
301006050 0.000000e+00
301006051 0.000000e+00
301006052 0.000000e+00
301006053 0.000000e+00
301006054 0.000000e+00
301006055 0.000000e+00
301007056 0.000000e+00
301007057 0.000000e+00
301007058 0.000000e+00
301007059 0.000000e+00
301007060 0.000000e+00
301007061 0.000000e+00
301007062 0.000000e+00
301007063 0.000000e+00
301008064 0.000000e+00
301008065 0.000000e+00
301008066 0.000000e+00
301008067 0.000000e+00
301008068 0.000000e+00
301008069 0.000000e+00
301008070 0.000000e+00
301008071 0.000000e+00
301009072 0.000000e+00
301009073 0.000000e+00
301009074 0.000000e+00
301009075 0.000000e+00
301009076 0.000000e+00
301009077 0.000000e+00
301009078 0.000000e+00
301009079 0.000000e+00
301010080 0.000000e+00
301010081 0.000000e+00
301010082 0.000000e+00
301010083 0.000000e+00
301010084 0.000000e+00
301010085 0.000000e+00
301010086 0.000000e+00
301010087 0.000000e+00
301011088 0.000000e+00
301011089 0.000000e+00
301011090 0.000000e+00
301011091 0.000000e+00
301011092 0.000000e+00
301011093 0.000000e+00
301011094 0.000000e+00
301011095 0.000000e+00
302000000 0.000000e+00
302000001 0.000000e+00
302000002 0.000000e+00
302000003 0.000000e+00
302000004 0.000000e+00
302000005 0.000000e+00
302000006 0.000000e+00
302000007 0.000000e+00
302001008 0.000000e+00
302001009 0.000000e+00
302001010 0.000000e+00
302001011 0.000000e+00
302001012 0.000000e+00
302001013 0.000000e+00
302001014 0.000000e+00
302001015 0.000000e+00
302002016 0.000000e+00
302002017 0.000000e+00
302002018 0.000000e+00
302002019 0.000000e+00
302002020 0.000000e+00
302002021 0.000000e+00
302002022 0.000000e+00
302002023 0.000000e+00
302003024 0.000000e+00
302003025 0.000000e+00
302003026 0.000000e+00
302003027 0.000000e+00
302003028 0.000000e+00
302003029 0.000000e+00
302003030 0.000000e+00
302003031 0.000000e+00
302004032 0.000000e+00
302004033 0.000000e+00
302004034 0.000000e+00
302004035 0.000000e+00
302004036 0.000000e+00
302004037 0.000000e+00
302004038 0.000000e+00
302004039 0.000000e+00
302005040 0.000000e+00
302005041 0.000000e+00
302005042 0.000000e+00
302005043 0.000000e+00
302005044 0.000000e+00
302005045 0.000000e+00
302005046 0.000000e+00
302005047 0.000000e+00
302006048 0.000000e+00
302006049 0.000000e+00
302006050 0.000000e+00
302006051 0.000000e+00
302006052 0.000000e+00
302006053 0.000000e+00
302006054 0.000000e+00
302006055 0.000000e+00
302007056 0.000000e+00
302007057 0.000000e+00
302007058 0.000000e+00
302007059 0.000000e+00
302007060 0.000000e+00
302007061 0.000000e+00
302007062 0.000000e+00
302007063 0.000000e+00
302008064 0.000000e+00
302008065 0.000000e+00
302008066 0.000000e+00
302008067 0.000000e+00
302008068 0.000000e+00
302008069 0.000000e+00
302008070 0.000000e+00
302008071 0.000000e+00
302009072 0.000000e+00
302009073 0.000000e+00
302009074 0.000000e+00
302009075 0.000000e+00
302009076 0.000000e+00
302009077 0.000000e+00
302009078 0.000000e+00
302009079 0.000000e+00
302010080 0.000000e+00
302010081 0.000000e+00
302010082 0.000000e+00
302010083 0.000000e+00
302010084 0.000000e+00
302010085 0.000000e+00
302010086 0.000000e+00
302010087 0.000000e+00
302011088 0.000000e+00
302011089 0.000000e+00
302011090 0.000000e+00
302011091 0.000000e+00
302011092 0.000000e+00
302011093 0.000000e+00
302011094 0.000000e+00
302011095 0.000000e+00
401000000 0.000000e+00
401000001 0.000000e+00
401000002 0.000000e+00
401000003 0.000000e+00
401000004 0.000000e+00
401000005 0.000000e+00
401000006 0.000000e+00
401000007 0.000000e+00
401001008 0.000000e+00
401001009 0.000000e+00
401001010 0.000000e+00
401001011 0.000000e+00
401001012 0.000000e+00
401001013 0.000000e+00
401001014 0.000000e+00
401001015 0.000000e+00
401002016 0.000000e+00
401002017 0.000000e+00
401002018 0.000000e+00
401002019 0.000000e+00
401002020 0.000000e+00
401002021 0.000000e+00
401002022 0.000000e+00
401002023 0.000000e+00
401003024 0.000000e+00
401003025 0.000000e+00
401003026 0.000000e+00
401003027 0.000000e+00
401003028 0.000000e+00
401003029 0.000000e+00
401003030 0.000000e+00
401003031 0.000000e+00
401004032 0.000000e+00
401004033 0.000000e+00
401004034 0.000000e+00
401004035 0.000000e+00
401004036 0.000000e+00
401004037 0.000000e+00
401004038 0.000000e+00
401004039 0.000000e+00
401005040 0.000000e+00
401005041 0.000000e+00
401005042 0.000000e+00
401005043 0.000000e+00
401005044 0.000000e+00
401005045 0.000000e+00
401005046 0.000000e+00
401005047 0.000000e+00
401006048 0.000000e+00
401006049 0.000000e+00
401006050 0.000000e+00
401006051 0.000000e+00
401006052 0.000000e+00
401006053 0.000000e+00
401006054 0.000000e+00
401006055 0.000000e+00
401007056 0.000000e+00
401007057 0.000000e+00
401007058 0.000000e+00
401007059 0.000000e+00
401007060 0.000000e+00
401007061 0.000000e+00
401007062 0.000000e+00
401007063 0.000000e+00
401008064 0.000000e+00
401008065 0.000000e+00
401008066 0.000000e+00
401008067 0.000000e+00
401008068 0.000000e+00
401008069 0.000000e+00
401008070 0.000000e+00
401008071 0.000000e+00
401009072 0.000000e+00
401009073 0.000000e+00
401009074 0.000000e+00
401009075 0.000000e+00
401009076 0.000000e+00
401009077 0.000000e+00
401009078 0.000000e+00
401009079 0.000000e+00
401010080 0.000000e+00
401010081 0.000000e+00
401010082 0.000000e+00
401010083 0.000000e+00
401010084 0.000000e+00
401010085 0.000000e+00
401010086 0.000000e+00
401010087 0.000000e+00
401011088 0.000000e+00
401011089 0.000000e+00
401011090 0.000000e+00
401011091 0.000000e+00
401011092 0.000000e+00
401011093 0.000000e+00
401011094 0.000000e+00
401011095 0.000000e+00
501000000 0.000000e+00
501000001 0.000000e+00
501000002 0.000000e+00
501000003 0.000000e+00
501000004 0.000000e+00
501000005 0.000000e+00
501000006 0.000000e+00
501000007 0.000000e+00
501001008 0.000000e+00
501001009 0.000000e+00
501001010 0.000000e+00
501001011 0.000000e+00
501001012 0.000000e+00
501001013 0.000000e+00
501001014 0.000000e+00
501001015 0.000000e+00
501002016 0.000000e+00
501002017 0.000000e+00
501002018 0.000000e+00
501002019 0.000000e+00
501002020 0.000000e+00
501002021 0.000000e+00
501002022 0.000000e+00
501002023 0.000000e+00
501003024 0.000000e+00
501003025 0.000000e+00
501003026 0.000000e+00
501003027 0.000000e+00
501003028 0.000000e+00
501003029 0.000000e+00
501003030 0.000000e+00
501003031 0.000000e+00
501004032 0.000000e+00
501004033 0.000000e+00
501004034 0.000000e+00
501004035 0.000000e+00
501004036 0.000000e+00
501004037 0.000000e+00
501004038 0.000000e+00
501004039 0.000000e+00
501005040 0.000000e+00
501005041 0.000000e+00
501005042 0.000000e+00
501005043 0.000000e+00
501005044 0.000000e+00
501005045 0.000000e+00
501005046 0.000000e+00
501005047 0.000000e+00
501006048 0.000000e+00
501006049 0.000000e+00
501006050 0.000000e+00
501006051 0.000000e+00
501006052 0.000000e+00
501006053 0.000000e+00
501006054 0.000000e+00
501006055 0.000000e+00
501007056 0.000000e+00
501007057 0.000000e+00
501007058 0.000000e+00
501007059 0.000000e+00
501007060 0.000000e+00
501007061 0.000000e+00
501007062 0.000000e+00
501007063 0.000000e+00
501008064 0.000000e+00
501008065 0.000000e+00
501008066 0.000000e+00
501008067 0.000000e+00
501008068 0.000000e+00
501008069 0.000000e+00
501008070 0.000000e+00
501008071 0.000000e+00
501009072 0.000000e+00
501009073 0.000000e+00
501009074 0.000000e+00
501009075 0.000000e+00
501009076 0.000000e+00
501009077 0.000000e+00
501009078 0.000000e+00
501009079 0.000000e+00
501010080 0.000000e+00
501010081 0.000000e+00
501010082 0.000000e+00
501010083 0.000000e+00
501010084 0.000000e+00
501010085 0.000000e+00
501010086 0.000000e+00
501010087 0.000000e+00
501011088 0.000000e+00
501011089 0.000000e+00
501011090 0.000000e+00
501011091 0.000000e+00
501011092 0.000000e+00
501011093 0.000000e+00
501011094 0.000000e+00
501011095 0.000000e+00
106000000 3.803351e-26
106000001 1.077513e-26
106000002 5.429487e-10
106000003 1.136190e-09
106000004 1.398247e-10
106000005 3.985769e-10
106000006 4.969565e-10
106000007 1.857054e-10
106001008 8.528324e-11
106001009 7.476997e-10
106001010 6.471238e-10
106001011 4.117705e-10
106001012 -2.330071e-10
106001013 2.361385e-10
106001014 -5.788795e-09
106001015 -4.381704e-09
106002016 9.675788e-10
106002017 3.758094e-10
106002018 6.518796e-11
106002019 1.719262e-10
106002020 -1.807673e-10
106002021 4.732891e-10
106002022 -6.173129e-09
106002023 -5.349818e-09
106003024 9.010290e-10
106003025 4.870733e-10
106003026 0.000000e+00
106003027 0.000000e+00
106003028 1.860377e-09
106003029 9.857420e-10
106003030 1.792984e-09
106003031 1.789297e-09
106004032 6.656396e-10
106004033 1.104732e-09
106004034 2.538173e-09
106004035 1.440923e-09
106004036 9.494254e-10
106004037 1.177672e-09
106004038 -5.795257e-10
106004039 -1.078014e-10
106005040 -1.689766e-10
106005041 -4.941625e-10
106005042 1.180840e-09
106005043 1.010652e-09
106005044 1.357390e-09
106005045 1.544696e-09
106005046 -5.536588e-09
106005047 -5.802800e-09
106006048 6.714446e-10
106006049 9.561953e-10
106006050 4.879962e-10
106006051 3.992109e-10
106006052 1.482556e-09
106006053 1.089455e-09
106006054 8.461970e-10
106006055 9.826108e-10
106007056 8.541270e-10
106007057 8.110503e-10
106007058 2.647704e-10
106007059 1.034957e-09
106007060 7.949552e-10
106007061 1.372420e-09
106007062 1.053697e-09
106007063 1.233111e-09
106008064 -5.002112e-10
106008065 -6.506918e-10
106008066 -6.009721e-10
106008067 -6.109696e-10
106008068 -5.492737e-10
106008069 -4.954648e-10
106008070 0.000000e+00
106008071 0.000000e+00
106009072 -6.127452e-09
106009073 -4.032529e-09
106009074 -4.628172e-09
106009075 -5.658611e-09
106009076 -3.829726e-09
106009077 -5.846712e-09
106009078 -4.877991e-09
106009079 -5.853706e-09
106010080 3.282821e-10
106010081 3.562120e-11
106010082 1.367210e-09
106010083 7.056356e-10
106010084 -1.482055e-09
106010085 -1.521511e-09
106010086 5.443873e-10
106010087 2.386977e-10
106011088 1.166660e-09
106011089 3.774716e-10
106011090 1.224710e-09
106011091 9.190174e-10
106011092 -2.007914e-09
106011093 -2.968350e-09
106011094 0.000000e+00
106011095 0.000000e+00
205000000 0.000000e+00
205000001 0.000000e+00
205000002 0.000000e+00
205000003 0.000000e+00
205000004 0.000000e+00
205000005 0.000000e+00
205000006 0.000000e+00
205000007 0.000000e+00
205001008 0.000000e+00
205001009 0.000000e+00
205001010 0.000000e+00
205001011 0.000000e+00
205001012 0.000000e+00
205001013 0.000000e+00
205001014 0.000000e+00
205001015 0.000000e+00
205002016 0.000000e+00
205002017 0.000000e+00
205002018 0.000000e+00
205002019 0.000000e+00
205002020 0.000000e+00
205002021 0.000000e+00
205002022 0.000000e+00
205002023 0.000000e+00
205003024 0.000000e+00
205003025 0.000000e+00
205003026 0.000000e+00
205003027 0.000000e+00
205003028 0.000000e+00
205003029 0.000000e+00
205003030 0.000000e+00
205003031 0.000000e+00
205004032 0.000000e+00
205004033 0.000000e+00
205004034 0.000000e+00
205004035 0.000000e+00
205004036 0.000000e+00
205004037 0.000000e+00
205004038 0.000000e+00
205004039 0.000000e+00
205005040 0.000000e+00
205005041 0.000000e+00
205005042 0.000000e+00
205005043 0.000000e+00
205005044 0.000000e+00
205005045 0.000000e+00
205005046 0.000000e+00
205005047 0.000000e+00
205006048 0.000000e+00
205006049 0.000000e+00
205006050 0.000000e+00
205006051 0.000000e+00
205006052 0.000000e+00
205006053 0.000000e+00
205006054 0.000000e+00
205006055 0.000000e+00
205007056 0.000000e+00
205007057 0.000000e+00
205007058 0.000000e+00
205007059 0.000000e+00
205007060 0.000000e+00
205007061 0.000000e+00
205007062 0.000000e+00
205007063 0.000000e+00
205008064 0.000000e+00
205008065 0.000000e+00
205008066 0.000000e+00
205008067 0.000000e+00
205008068 0.000000e+00
205008069 0.000000e+00
205008070 0.000000e+00
205008071 0.000000e+00
205009072 0.000000e+00
205009073 0.000000e+00
205009074 0.000000e+00
205009075 0.000000e+00
205009076 0.000000e+00
205009077 0.000000e+00
205009078 0.000000e+00
205009079 0.000000e+00
205010080 0.000000e+00
205010081 0.000000e+00
205010082 0.000000e+00
205010083 0.000000e+00
205010084 0.000000e+00
205010085 0.000000e+00
205010086 0.000000e+00
205010087 0.000000e+00
205011088 0.000000e+00
205011089 0.000000e+00
205011090 0.000000e+00
205011091 0.000000e+00
205011092 0.000000e+00
205011093 0.000000e+00
205011094 0.000000e+00
205011095 0.000000e+00
208000000 0.000000e+00
208000001 0.000000e+00
208000002 0.000000e+00
208000003 0.000000e+00
208000004 0.000000e+00
208000005 0.000000e+00
208000006 0.000000e+00
208000007 0.000000e+00
208001008 0.000000e+00
208001009 0.000000e+00
208001010 0.000000e+00
208001011 0.000000e+00
208001012 0.000000e+00
208001013 0.000000e+00
208001014 0.000000e+00
208001015 0.000000e+00
208002016 0.000000e+00
208002017 0.000000e+00
208002018 0.000000e+00
208002019 0.000000e+00
208002020 0.000000e+00
208002021 0.000000e+00
208002022 0.000000e+00
208002023 0.000000e+00
208003024 0.000000e+00
208003025 0.000000e+00
208003026 0.000000e+00
208003027 0.000000e+00
208003028 0.000000e+00
208003029 0.000000e+00
208003030 0.000000e+00
208003031 0.000000e+00
208004032 0.000000e+00
208004033 0.000000e+00
208004034 0.000000e+00
208004035 0.000000e+00
208004036 0.000000e+00
208004037 0.000000e+00
208004038 0.000000e+00
208004039 0.000000e+00
208005040 0.000000e+00
208005041 0.000000e+00
208005042 0.000000e+00
208005043 0.000000e+00
208005044 0.000000e+00
208005045 0.000000e+00
208005046 0.000000e+00
208005047 0.000000e+00
208006048 0.000000e+00
208006049 0.000000e+00
208006050 0.000000e+00
208006051 0.000000e+00
208006052 0.000000e+00
208006053 0.000000e+00
208006054 0.000000e+00
208006055 0.000000e+00
208007056 0.000000e+00
208007057 0.000000e+00
208007058 0.000000e+00
208007059 0.000000e+00
208007060 0.000000e+00
208007061 0.000000e+00
208007062 0.000000e+00
208007063 0.000000e+00
208008064 0.000000e+00
208008065 0.000000e+00
208008066 0.000000e+00
208008067 0.000000e+00
208008068 0.000000e+00
208008069 0.000000e+00
208008070 0.000000e+00
208008071 0.000000e+00
208009072 0.000000e+00
208009073 0.000000e+00
208009074 0.000000e+00
208009075 0.000000e+00
208009076 0.000000e+00
208009077 0.000000e+00
208009078 0.000000e+00
208009079 0.000000e+00
208010080 0.000000e+00
208010081 0.000000e+00
208010082 0.000000e+00
208010083 0.000000e+00
208010084 0.000000e+00
208010085 0.000000e+00
208010086 0.000000e+00
208010087 0.000000e+00
208011088 0.000000e+00
208011089 0.000000e+00
208011090 0.000000e+00
208011091 0.000000e+00
208011092 0.000000e+00
208011093 0.000000e+00
208011094 0.000000e+00
208011095 0.000000e+00
306000000 0.000000e+00
306000001 0.000000e+00
306000002 0.000000e+00
306000003 0.000000e+00
306000004 0.000000e+00
306000005 0.000000e+00
306000006 0.000000e+00
306000007 0.000000e+00
306001008 0.000000e+00
306001009 0.000000e+00
306001010 0.000000e+00
306001011 0.000000e+00
306001012 0.000000e+00
306001013 0.000000e+00
306001014 0.000000e+00
306001015 0.000000e+00
306002016 0.000000e+00
306002017 0.000000e+00
306002018 0.000000e+00
306002019 0.000000e+00
306002020 0.000000e+00
306002021 0.000000e+00
306002022 0.000000e+00
306002023 0.000000e+00
306003024 0.000000e+00
306003025 0.000000e+00
306003026 0.000000e+00
306003027 0.000000e+00
306003028 0.000000e+00
306003029 0.000000e+00
306003030 0.000000e+00
306003031 0.000000e+00
306004032 0.000000e+00
306004033 0.000000e+00
306004034 0.000000e+00
306004035 0.000000e+00
306004036 0.000000e+00
306004037 0.000000e+00
306004038 0.000000e+00
306004039 0.000000e+00
306005040 0.000000e+00
306005041 0.000000e+00
306005042 0.000000e+00
306005043 0.000000e+00
306005044 0.000000e+00
306005045 0.000000e+00
306005046 0.000000e+00
306005047 0.000000e+00
306006048 0.000000e+00
306006049 0.000000e+00
306006050 0.000000e+00
306006051 0.000000e+00
306006052 0.000000e+00
306006053 0.000000e+00
306006054 0.000000e+00
306006055 0.000000e+00
306007056 0.000000e+00
306007057 0.000000e+00
306007058 0.000000e+00
306007059 0.000000e+00
306007060 0.000000e+00
306007061 0.000000e+00
306007062 0.000000e+00
306007063 0.000000e+00
306008064 0.000000e+00
306008065 0.000000e+00
306008066 0.000000e+00
306008067 0.000000e+00
306008068 0.000000e+00
306008069 0.000000e+00
306008070 0.000000e+00
306008071 0.000000e+00
306009072 0.000000e+00
306009073 0.000000e+00
306009074 0.000000e+00
306009075 0.000000e+00
306009076 0.000000e+00
306009077 0.000000e+00
306009078 0.000000e+00
306009079 0.000000e+00
306010080 0.000000e+00
306010081 0.000000e+00
306010082 0.000000e+00
306010083 0.000000e+00
306010084 0.000000e+00
306010085 0.000000e+00
306010086 0.000000e+00
306010087 0.000000e+00
306011088 0.000000e+00
306011089 0.000000e+00
306011090 0.000000e+00
306011091 0.000000e+00
306011092 0.000000e+00
306011093 0.000000e+00
306011094 0.000000e+00
306011095 0.000000e+00
307000000 0.000000e+00
307000001 0.000000e+00
307000002 0.000000e+00
307000003 0.000000e+00
307000004 0.000000e+00
307000005 0.000000e+00
307000006 0.000000e+00
307000007 0.000000e+00
307001008 0.000000e+00
307001009 0.000000e+00
307001010 0.000000e+00
307001011 0.000000e+00
307001012 0.000000e+00
307001013 0.000000e+00
307001014 0.000000e+00
307001015 0.000000e+00
307002016 0.000000e+00
307002017 0.000000e+00
307002018 0.000000e+00
307002019 0.000000e+00
307002020 0.000000e+00
307002021 0.000000e+00
307002022 0.000000e+00
307002023 0.000000e+00
307003024 0.000000e+00
307003025 0.000000e+00
307003026 0.000000e+00
307003027 0.000000e+00
307003028 0.000000e+00
307003029 0.000000e+00
307003030 0.000000e+00
307003031 0.000000e+00
307004032 0.000000e+00
307004033 0.000000e+00
307004034 0.000000e+00
307004035 0.000000e+00
307004036 0.000000e+00
307004037 0.000000e+00
307004038 0.000000e+00
307004039 0.000000e+00
307005040 0.000000e+00
307005041 0.000000e+00
307005042 0.000000e+00
307005043 0.000000e+00
307005044 0.000000e+00
307005045 0.000000e+00
307005046 0.000000e+00
307005047 0.000000e+00
307006048 0.000000e+00
307006049 0.000000e+00
307006050 0.000000e+00
307006051 0.000000e+00
307006052 0.000000e+00
307006053 0.000000e+00
307006054 0.000000e+00
307006055 0.000000e+00
307007056 0.000000e+00
307007057 0.000000e+00
307007058 0.000000e+00
307007059 0.000000e+00
307007060 0.000000e+00
307007061 0.000000e+00
307007062 0.000000e+00
307007063 0.000000e+00
307008064 0.000000e+00
307008065 0.000000e+00
307008066 0.000000e+00
307008067 0.000000e+00
307008068 0.000000e+00
307008069 0.000000e+00
307008070 0.000000e+00
307008071 0.000000e+00
307009072 0.000000e+00
307009073 0.000000e+00
307009074 0.000000e+00
307009075 0.000000e+00
307009076 0.000000e+00
307009077 0.000000e+00
307009078 0.000000e+00
307009079 0.000000e+00
307010080 0.000000e+00
307010081 0.000000e+00
307010082 0.000000e+00
307010083 0.000000e+00
307010084 0.000000e+00
307010085 0.000000e+00
307010086 0.000000e+00
307010087 0.000000e+00
307011088 0.000000e+00
307011089 0.000000e+00
307011090 0.000000e+00
307011091 0.000000e+00
307011092 0.000000e+00
307011093 0.000000e+00
307011094 0.000000e+00
307011095 0.000000e+00
406000000 0.000000e+00
406000001 0.000000e+00
406000002 0.000000e+00
406000003 0.000000e+00
406000004 0.000000e+00
406000005 0.000000e+00
406000006 0.000000e+00
406000007 0.000000e+00
406001008 0.000000e+00
406001009 0.000000e+00
406001010 0.000000e+00
406001011 0.000000e+00
406001012 0.000000e+00
406001013 0.000000e+00
406001014 0.000000e+00
406001015 0.000000e+00
406002016 0.000000e+00
406002017 0.000000e+00
406002018 0.000000e+00
406002019 0.000000e+00
406002020 0.000000e+00
406002021 0.000000e+00
406002022 0.000000e+00
406002023 0.000000e+00
406003024 0.000000e+00
406003025 0.000000e+00
406003026 0.000000e+00
406003027 0.000000e+00
406003028 0.000000e+00
406003029 0.000000e+00
406003030 0.000000e+00
406003031 0.000000e+00
406004032 0.000000e+00
406004033 0.000000e+00
406004034 0.000000e+00
406004035 0.000000e+00
406004036 0.000000e+00
406004037 0.000000e+00
406004038 0.000000e+00
406004039 0.000000e+00
406005040 0.000000e+00
406005041 0.000000e+00
406005042 0.000000e+00
406005043 0.000000e+00
406005044 0.000000e+00
406005045 0.000000e+00
406005046 0.000000e+00
406005047 0.000000e+00
406006048 0.000000e+00
406006049 0.000000e+00
406006050 0.000000e+00
406006051 0.000000e+00
406006052 0.000000e+00
406006053 0.000000e+00
406006054 0.000000e+00
406006055 0.000000e+00
406007056 0.000000e+00
406007057 0.000000e+00
406007058 0.000000e+00
406007059 0.000000e+00
406007060 0.000000e+00
406007061 0.000000e+00
406007062 0.000000e+00
406007063 0.000000e+00
406008064 0.000000e+00
406008065 0.000000e+00
406008066 0.000000e+00
406008067 0.000000e+00
406008068 0.000000e+00
406008069 0.000000e+00
406008070 0.000000e+00
406008071 0.000000e+00
406009072 0.000000e+00
406009073 0.000000e+00
406009074 0.000000e+00
406009075 0.000000e+00
406009076 0.000000e+00
406009077 0.000000e+00
406009078 0.000000e+00
406009079 0.000000e+00
406010080 0.000000e+00
406010081 0.000000e+00
406010082 0.000000e+00
406010083 0.000000e+00
406010084 0.000000e+00
406010085 0.000000e+00
406010086 0.000000e+00
406010087 0.000000e+00
406011088 0.000000e+00
406011089 0.000000e+00
406011090 0.000000e+00
406011091 0.000000e+00
406011092 0.000000e+00
406011093 0.000000e+00
406011094 0.000000e+00
406011095 0.000000e+00
503000000 0.000000e+00
503000001 0.000000e+00
503000002 0.000000e+00
503000003 0.000000e+00
503000004 0.000000e+00
503000005 0.000000e+00
503000006 0.000000e+00
503000007 0.000000e+00
503001008 0.000000e+00
503001009 0.000000e+00
503001010 0.000000e+00
503001011 0.000000e+00
503001012 0.000000e+00
503001013 0.000000e+00
503001014 0.000000e+00
503001015 0.000000e+00
503002016 0.000000e+00
503002017 0.000000e+00
503002018 0.000000e+00
503002019 0.000000e+00
503002020 0.000000e+00
503002021 0.000000e+00
503002022 0.000000e+00
503002023 0.000000e+00
503003024 0.000000e+00
503003025 0.000000e+00
503003026 0.000000e+00
503003027 0.000000e+00
503003028 0.000000e+00
503003029 0.000000e+00
503003030 0.000000e+00
503003031 0.000000e+00
503004032 0.000000e+00
503004033 0.000000e+00
503004034 0.000000e+00
503004035 0.000000e+00
503004036 0.000000e+00
503004037 0.000000e+00
503004038 0.000000e+00
503004039 0.000000e+00
503005040 0.000000e+00
503005041 0.000000e+00
503005042 0.000000e+00
503005043 0.000000e+00
503005044 0.000000e+00
503005045 0.000000e+00
503005046 0.000000e+00
503005047 0.000000e+00
503006048 0.000000e+00
503006049 0.000000e+00
503006050 0.000000e+00
503006051 0.000000e+00
503006052 0.000000e+00
503006053 0.000000e+00
503006054 0.000000e+00
503006055 0.000000e+00
503007056 0.000000e+00
503007057 0.000000e+00
503007058 0.000000e+00
503007059 0.000000e+00
503007060 0.000000e+00
503007061 0.000000e+00
503007062 0.000000e+00
503007063 0.000000e+00
503008064 0.000000e+00
503008065 0.000000e+00
503008066 0.000000e+00
503008067 0.000000e+00
503008068 0.000000e+00
503008069 0.000000e+00
503008070 0.000000e+00
503008071 0.000000e+00
503009072 0.000000e+00
503009073 0.000000e+00
503009074 0.000000e+00
503009075 0.000000e+00
503009076 0.000000e+00
503009077 0.000000e+00
503009078 0.000000e+00
503009079 0.000000e+00
503010080 0.000000e+00
503010081 0.000000e+00
503010082 0.000000e+00
503010083 0.000000e+00
503010084 0.000000e+00
503010085 0.000000e+00
503010086 0.000000e+00
503010087 0.000000e+00
503011088 0.000000e+00
503011089 0.000000e+00
503011090 0.000000e+00
503011091 0.000000e+00
503011092 0.000000e+00
503011093 0.000000e+00
503011094 0.000000e+00
503011095 0.000000e+00
509000000 0.000000e+00
509000001 0.000000e+00
509000002 0.000000e+00
509000003 0.000000e+00
509000004 0.000000e+00
509000005 0.000000e+00
509000006 0.000000e+00
509000007 0.000000e+00
509001008 0.000000e+00
509001009 0.000000e+00
509001010 0.000000e+00
509001011 0.000000e+00
509001012 0.000000e+00
509001013 0.000000e+00
509001014 0.000000e+00
509001015 0.000000e+00
509002016 0.000000e+00
509002017 0.000000e+00
509002018 0.000000e+00
509002019 0.000000e+00
509002020 0.000000e+00
509002021 0.000000e+00
509002022 0.000000e+00
509002023 0.000000e+00
509003024 0.000000e+00
509003025 0.000000e+00
509003026 0.000000e+00
509003027 0.000000e+00
509003028 0.000000e+00
509003029 0.000000e+00
509003030 0.000000e+00
509003031 0.000000e+00
509004032 0.000000e+00
509004033 0.000000e+00
509004034 0.000000e+00
509004035 0.000000e+00
509004036 0.000000e+00
509004037 0.000000e+00
509004038 0.000000e+00
509004039 0.000000e+00
509005040 0.000000e+00
509005041 0.000000e+00
509005042 0.000000e+00
509005043 0.000000e+00
509005044 0.000000e+00
509005045 0.000000e+00
509005046 0.000000e+00
509005047 0.000000e+00
509006048 0.000000e+00
509006049 0.000000e+00
509006050 0.000000e+00
509006051 0.000000e+00
509006052 0.000000e+00
509006053 0.000000e+00
509006054 0.000000e+00
509006055 0.000000e+00
509007056 0.000000e+00
509007057 0.000000e+00
509007058 0.000000e+00
509007059 0.000000e+00
509007060 0.000000e+00
509007061 0.000000e+00
509007062 0.000000e+00
509007063 0.000000e+00
509008064 0.000000e+00
509008065 0.000000e+00
509008066 0.000000e+00
509008067 0.000000e+00
509008068 0.000000e+00
509008069 0.000000e+00
509008070 0.000000e+00
509008071 0.000000e+00
509009072 0.000000e+00
509009073 0.000000e+00
509009074 0.000000e+00
509009075 0.000000e+00
509009076 0.000000e+00
509009077 0.000000e+00
509009078 0.000000e+00
509009079 0.000000e+00
509010080 0.000000e+00
509010081 0.000000e+00
509010082 0.000000e+00
509010083 0.000000e+00
509010084 0.000000e+00
509010085 0.000000e+00
509010086 0.000000e+00
509010087 0.000000e+00
509011088 0.000000e+00
509011089 0.000000e+00
509011090 0.000000e+00
509011091 0.000000e+00
509011092 0.000000e+00
509011093 0.000000e+00
509011094 0.000000e+00
509011095 0.000000e+00
