001000000 0.000000e+00
001000001 0.000000e+00
001000002 0.000000e+00
001000003 0.000000e+00
001000004 0.000000e+00
001000005 0.000000e+00
001000006 0.000000e+00
001000007 0.000000e+00
001001008 0.000000e+00
001001009 0.000000e+00
001001010 0.000000e+00
001001011 0.000000e+00
001001012 0.000000e+00
001001013 0.000000e+00
001001014 0.000000e+00
001001015 0.000000e+00
001002016 0.000000e+00
001002017 0.000000e+00
001002018 0.000000e+00
001002019 0.000000e+00
001002020 0.000000e+00
001002021 0.000000e+00
001002022 0.000000e+00
001002023 0.000000e+00
001003024 0.000000e+00
001003025 0.000000e+00
001003026 0.000000e+00
001003027 0.000000e+00
001003028 0.000000e+00
001003029 0.000000e+00
001003030 0.000000e+00
001003031 0.000000e+00
001004032 0.000000e+00
001004033 0.000000e+00
001004034 0.000000e+00
001004035 0.000000e+00
001004036 0.000000e+00
001004037 0.000000e+00
001004038 0.000000e+00
001004039 0.000000e+00
001005040 0.000000e+00
001005041 0.000000e+00
001005042 0.000000e+00
001005043 0.000000e+00
001005044 0.000000e+00
001005045 0.000000e+00
001005046 0.000000e+00
001005047 0.000000e+00
001006048 0.000000e+00
001006049 0.000000e+00
001006050 0.000000e+00
001006051 0.000000e+00
001006052 0.000000e+00
001006053 0.000000e+00
001006054 0.000000e+00
001006055 0.000000e+00
001007056 0.000000e+00
001007057 0.000000e+00
001007058 0.000000e+00
001007059 0.000000e+00
001007060 0.000000e+00
001007061 0.000000e+00
001007062 0.000000e+00
001007063 0.000000e+00
001008064 0.000000e+00
001008065 0.000000e+00
001008066 0.000000e+00
001008067 0.000000e+00
001008068 0.000000e+00
001008069 0.000000e+00
001008070 0.000000e+00
001008071 0.000000e+00
001009072 0.000000e+00
001009073 0.000000e+00
001009074 0.000000e+00
001009075 0.000000e+00
001009076 0.000000e+00
001009077 0.000000e+00
001009078 0.000000e+00
001009079 0.000000e+00
001010080 0.000000e+00
001010081 0.000000e+00
001010082 0.000000e+00
001010083 0.000000e+00
001010084 0.000000e+00
001010085 0.000000e+00
001010086 0.000000e+00
001010087 0.000000e+00
001011088 0.000000e+00
001011089 0.000000e+00
001011090 0.000000e+00
001011091 0.000000e+00
001011092 0.000000e+00
001011093 0.000000e+00
001011094 0.000000e+00
001011095 0.000000e+00
002000000 -1.475519e-28
002000001 9.195051e-27
002000002 -4.612091e-10
002000003 -2.770933e-10
002000004 -6.742872e-10
002000005 -4.091285e-10
002000006 8.514453e-10
002000007 -3.972469e-10
002001008 -1.323396e-10
002001009 8.822696e-11
002001010 0.000000e+00
002001011 -3.679078e-10
002001012 -2.745810e-10
002001013 -1.919514e-10
002001014 -3.336665e-10
002001015 -4.556807e-10
002002016 -4.631130e-10
002002017 -2.902758e-10
002002018 -8.263675e-10
002002019 7.121969e-11
002002020 1.635991e-09
002002021 -1.154677e-11
002002022 -7.069150e-10
002002023 -6.822846e-10
002003024 -4.762629e-10
002003025 -3.926295e-10
002003026 -2.365009e-10
002003027 -1.903266e-10
002003028 -3.464048e-10
002003029 -5.172807e-10
002003030 -4.684633e-10
002003031 1.508480e-10
002004032 0.000000e+00
002004033 0.000000e+00
002004034 -5.137057e-10
002004035 -3.416681e-10
002004036 -3.411025e-10
002004037 6.845738e-11
002004038 0.000000e+00
002004039 0.000000e+00
002005040 0.000000e+00
002005041 0.000000e+00
002005042 -2.796302e-10
002005043 -5.599383e-11
002005044 -6.466452e-10
002005045 -4.188108e-10
002005046 -6.102796e-10
002005047 6.997087e-10
002006048 -1.061682e-09
002006049 -2.187400e-10
002006050 -4.058636e-10
002006051 1.849859e-10
002006052 -9.327480e-10
002006053 4.736422e-10
002006054 -1.302873e-09
002006055 6.237209e-10
002007056 0.000000e+00
002007057 0.000000e+00
002007058 -5.231397e-10
002007059 5.217827e-11
002007060 -1.210669e-09
002007061 1.228836e-10
002007062 -8.960352e-10
002007063 -8.481950e-11
002008064 0.000000e+00
002008065 0.000000e+00
002008066 2.435031e-10
002008067 4.759677e-10
002008068 0.000000e+00
002008069 0.000000e+00
002008070 0.000000e+00
002008071 0.000000e+00
002009072 -3.251006e-10
002009073 5.296370e-10
002009074 -4.295398e-10
002009075 2.689455e-10
002009076 0.000000e+00
002009077 0.000000e+00
002009078 -5.010805e-10
002009079 2.567341e-10
002010080 0.000000e+00
002010081 0.000000e+00
002010082 -3.950511e-10
002010083 8.981836e-10
002010084 -6.820706e-10
002010085 6.148234e-10
002010086 -7.161755e-12
002010087 8.240798e-11
002011088 -5.512994e-10
002011089 6.095806e-10
002011090 -3.505548e-10
002011091 4.270644e-10
002011092 -5.382632e-10
002011093 7.981963e-10
002011094 -5.399240e-10
002011095 4.695339e-10
003000000 -5.488518e-27
003000001 -1.562972e-26
003000002 -3.092105e-10
003000003 -4.065919e-11
003000004 3.092588e-10
003000005 1.467241e-10
003000006 4.008249e-10
003000007 2.284973e-10
003001008 3.017142e-11
003001009 -4.321792e-10
003001010 -1.008091e-10
003001011 -1.434353e-10
003001012 -6.283927e-10
003001013 -9.869214e-12
003001014 0.000000e+00
003001015 0.000000e+00
003002016 5.851097e-11
003002017 3.343890e-10
003002018 -7.767407e-12
003002019 -1.988647e-10
003002020 -5.185374e-11
003002021 -2.592297e-10
003002022 -1.962840e-10
003002023 -1.733846e-10
003003024 -2.647926e-10
003003025 -2.690283e-10
003003026 -3.469753e-10
003003027 -9.073529e-11
003003028 -1.782085e-10
003003029 -2.367025e-10
003003030 7.130644e-11
003003031 -4.031183e-11
003004032 5.204494e-10
003004033 3.284622e-10
003004034 -9.925220e-11
003004035 3.233056e-10
003004036 9.698446e-10
003004037 4.708522e-10
003004038 -4.701948e-11
003004039 -9.492291e-10
003005040 -5.430340e-10
003005041 1.434348e-11
003005042 1.890054e-10
003005043 4.712396e-11
003005044 -2.209824e-10
003005045 1.649278e-10
003005046 -6.167472e-11
003005047 -2.066522e-10
003006048 -2.564314e-12
003006049 4.924430e-11
003006050 -8.161666e-13
003006051 -1.230348e-10
003006052 7.892596e-10
003006053 2.509290e-11
003006054 1.093402e-09
003006055 -3.922123e-10
003007056 5.217552e-10
003007057 -4.214477e-10
003007058 1.928842e-10
003007059 -6.418487e-10
003007060 5.424168e-10
003007061 -2.218296e-10
003007062 0.000000e+00
003007063 0.000000e+00
003008064 0.000000e+00
003008065 0.000000e+00
003008066 -4.914852e-10
003008067 -9.319453e-10
003008068 3.012406e-10
003008069 -6.149651e-10
003008070 -4.803689e-10
003008071 -1.706280e-09
003009072 -4.330235e-10
003009073 -1.339456e-09
003009074 -7.285394e-10
003009075 -1.581256e-09
003009076 0.000000e+00
003009077 0.000000e+00
003009078 0.000000e+00
003009079 0.000000e+00
003010080 -8.000773e-10
003010081 -7.385738e-10
003010082 -7.935547e-10
003010083 -1.477659e-09
003010084 -3.892918e-10
003010085 -1.844032e-09
003010086 0.000000e+00
003010087 0.000000e+00
003011088 0.000000e+00
003011089 0.000000e+00
003011090 0.000000e+00
003011091 0.000000e+00
003011092 -5.870127e-10
003011093 -7.666942e-10
003011094 -6.341916e-10
003011095 -1.470318e-09
004000000 2.249119e-26
004000001 7.427552e-27
004000002 -2.114691e-10
004000003 -5.209191e-10
004000004 -6.970271e-11
004000005 1.465812e-10
004000006 6.822990e-11
004000007 -6.832684e-10
004001008 0.000000e+00
004001009 0.000000e+00
004001010 -2.394035e-10
004001011 -1.866027e-10
004001012 0.000000e+00
004001013 0.000000e+00
004001014 -5.333384e-10
004001015 -5.649741e-10
004002016 0.000000e+00
004002017 0.000000e+00
004002018 -3.655813e-10
004002019 1.995445e-10
004002020 -8.891375e-10
004002021 4.828725e-10
004002022 -4.906699e-10
004002023 -2.299657e-10
004003024 -4.584747e-10
004003025 2.002325e-10
004003026 -5.290981e-10
004003027 -2.608694e-10
004003028 -4.448433e-10
004003029 3.076122e-10
004003030 -5.694291e-10
004003031 -3.652242e-10
004004032 5.925381e-10
004004033 -4.251312e-10
004004034 -7.912847e-10
004004035 -5.486706e-10
004004036 0.000000e+00
004004037 0.000000e+00
004004038 -2.085188e-10
004004039 9.451274e-11
004005040 2.825516e-12
004005041 -6.243578e-11
004005042 -2.293356e-10
004005043 -3.279642e-10
004005044 -1.177521e-10
004005045 6.380258e-11
004005046 -2.443550e-10
004005047 -5.280855e-10
004006048 1.095723e-10
004006049 -5.191954e-10
004006050 -4.658898e-10
004006051 -1.233915e-09
004006052 -1.356621e-10
004006053 -4.868362e-10
004006054 0.000000e+00
004006055 0.000000e+00
004007056 -5.369938e-10
004007057 -7.527347e-10
004007058 -7.300133e-11
004007059 3.869285e-11
004007060 0.000000e+00
004007061 0.000000e+00
004007062 -4.010344e-10
004007063 -5.367348e-10
004008064 0.000000e+00
004008065 0.000000e+00
004008066 0.000000e+00
004008067 0.000000e+00
004008068 -4.400014e-10
004008069 1.188804e-10
004008070 -3.897807e-10
004008071 1.341133e-09
004009072 0.000000e+00
004009073 0.000000e+00
004009074 -1.197797e-09
004009075 -4.420523e-10
004009076 0.000000e+00
004009077 0.000000e+00
004009078 -9.677982e-11
004009079 -7.279930e-11
004010080 -4.480074e-10
004010081 3.940468e-10
004010082 -3.952138e-10
004010083 -4.082979e-10
004010084 0.000000e+00
004010085 0.000000e+00
004010086 0.000000e+00
004010087 0.000000e+00
004011088 -8.416149e-10
004011089 -2.500507e-10
004011090 -2.770253e-10
004011091 -7.785694e-11
004011092 2.015817e-10
004011093 2.362785e-10
004011094 -4.578806e-10
004011095 2.429167e-10
005000000 1.100912e-26
005000001 -1.431812e-26
005000002 -2.014527e-10
005000003 3.281865e-10
005000004 4.424450e-11
005000005 9.164506e-11
005000006 0.000000e+00
005000007 0.000000e+00
005001008 1.179472e-10
005001009 2.339621e-10
005001010 0.000000e+00
005001011 0.000000e+00
005001012 -2.255703e-10
005001013 9.674586e-10
005001014 -4.617249e-10
005001015 -7.637330e-11
005002016 -4.725846e-11
005002017 7.514295e-10
005002018 6.604507e-11
005002019 5.283215e-10
005002020 9.636846e-10
005002021 2.265150e-11
005002022 -1.280127e-10
005002023 5.338899e-12
005003024 -4.749052e-12
005003025 1.933432e-10
005003026 -4.523140e-10
005003027 5.660214e-10
005003028 5.332189e-11
005003029 3.795669e-10
005003030 -3.029031e-10
005003031 1.772628e-10
005004032 -2.508755e-10
005004033 -3.388484e-10
005004034 4.643021e-12
005004035 1.658997e-10
005004036 0.000000e+00
005004037 0.000000e+00
005004038 -3.791703e-10
005004039 9.940943e-10
005005040 5.879600e-10
005005041 -4.800113e-10
005005042 -1.542356e-10
005005043 -2.370676e-10
005005044 -5.037136e-10
005005045 1.649379e-10
005005046 1.044909e-10
005005047 5.306484e-11
005006048 6.744569e-10
005006049 -1.387897e-10
005006050 0.000000e+00
005006051 0.000000e+00
005006052 -1.808885e-10
005006053 1.316726e-10
005006054 5.734090e-10
005006055 3.607470e-10
005007056 0.000000e+00
005007057 0.000000e+00
005007058 -4.271293e-10
005007059 2.360808e-10
005007060 0.000000e+00
005007061 0.000000e+00
005007062 3.495148e-10
005007063 5.944269e-10
005008064 -2.102272e-10
005008065 1.035762e-10
005008066 0.000000e+00
005008067 0.000000e+00
005008068 -5.565020e-10
005008069 -1.540593e-10
005008070 -1.482821e-10
005008071 8.147339e-10
005009072 -3.883051e-11
005009073 5.456813e-10
005009074 0.000000e+00
005009075 0.000000e+00
005009076 0.000000e+00
005009077 0.000000e+00
005009078 0.000000e+00
005009079 0.000000e+00
005010080 0.000000e+00
005010081 0.000000e+00
005010082 -6.785134e-10
005010083 -5.635663e-11
005010084 4.631123e-10
005010085 3.796757e-10
005010086 0.000000e+00
005010087 0.000000e+00
005011088 -6.527705e-10
005011089 7.669916e-10
005011090 -6.322207e-10
005011091 -2.311814e-11
005011092 0.000000e+00
005011093 0.000000e+00
005011094 8.836287e-10
005011095 -1.961750e-10
006000000 -9.078653e-27
006000001 6.680007e-27
006000002 0.000000e+00
006000003 0.000000e+00
006000004 -1.548572e-10
006000005 -2.854580e-10
006000006 0.000000e+00
006000007 0.000000e+00
006001008 -5.011575e-11
006001009 -1.910310e-10
006001010 3.529611e-10
006001011 4.091300e-10
006001012 1.761023e-10
006001013 8.798350e-11
006001014 0.000000e+00
006001015 0.000000e+00
006002016 0.000000e+00
006002017 0.000000e+00
006002018 -1.642032e-10
006002019 -5.677807e-10
006002020 1.185563e-10
006002021 -5.760847e-10
006002022 -9.739764e-11
006002023 4.368694e-10
006003024 7.490043e-10
006003025 -7.041199e-10
006003026 -1.212577e-10
006003027 -5.864742e-10
006003028 -1.388088e-10
006003029 -5.123566e-11
006003030 0.000000e+00
006003031 0.000000e+00
006004032 -3.133412e-10
006004033 -4.650755e-10
006004034 0.000000e+00
006004035 0.000000e+00
006004036 -1.329516e-11
006004037 1.105997e-10
006004038 -2.962254e-11
006004039 1.171676e-10
006005040 3.391453e-10
006005041 4.420121e-11
006005042 4.784188e-10
006005043 -2.817242e-10
006005044 -4.434112e-11
006005045 -1.796282e-10
006005046 -2.038487e-10
006005047 -1.701369e-10
006006048 1.426846e-10
006006049 6.192816e-10
006006050 1.428414e-09
006006051 8.652273e-10
006006052 0.000000e+00
006006053 0.000000e+00
006006054 8.166295e-10
006006055 -2.972356e-10
006007056 0.000000e+00
006007057 0.000000e+00
006007058 6.441587e-10
006007059 -1.107620e-10
006007060 1.632864e-10
006007061 5.753307e-12
006007062 0.000000e+00
006007063 0.000000e+00
006008064 0.000000e+00
006008065 0.000000e+00
006008066 0.000000e+00
006008067 0.000000e+00
006008068 6.774678e-10
006008069 1.970684e-10
006008070 -1.820174e-10
006008071 4.382832e-12
006009072 1.321860e-09
006009073 -1.034795e-10
006009074 4.063653e-10
006009075 7.590773e-10
006009076 0.000000e+00
006009077 0.000000e+00
006009078 6.648329e-10
006009079 5.744856e-10
006010080 1.167018e-09
006010081 1.501689e-10
006010082 9.896361e-10
006010083 4.629428e-11
006010084 3.574930e-10
006010085 1.330135e-10
006010086 0.000000e+00
006010087 0.000000e+00
006011088 -6.051380e-11
006011089 -3.390779e-10
006011090 1.011064e-11
006011091 -4.036724e-10
006011092 0.000000e+00
006011093 -2.359217e-10
006011094 1.101955e-09
006011095 -4.622327e-10
007000000 -1.254277e-28
007000001 1.298320e-27
007000002 5.387161e-10
007000003 7.012315e-11
007000004 4.986155e-11
007000005 1.075924e-10
007000006 9.552149e-11
007000007 8.981409e-11
007001008 2.942773e-10
007001009 5.563299e-10
007001010 4.920893e-10
007001011 -1.074161e-10
007001012 -1.830058e-10
007001013 -3.408841e-10
007001014 1.452718e-10
007001015 3.512163e-10
007002016 -1.065826e-10
007002017 3.846220e-10
007002018 -4.073765e-11
007002019 -1.133511e-10
007002020 3.445043e-10
007002021 5.166025e-10
007002022 1.424308e-10
007002023 -3.154448e-10
007003024 -1.356601e-10
007003025 2.387981e-10
007003026 0.000000e+00
007003027 0.000000e+00
007003028 -3.094930e-10
007003029 -3.109023e-10
007003030 3.132666e-11
007003031 -4.066323e-10
007004032 -7.372838e-11
007004033 3.958984e-10
007004034 -4.172405e-10
007004035 -9.052372e-10
007004036 -9.266527e-11
007004037 -1.036351e-09
007004038 2.718870e-10
007004039 -2.795175e-10
007005040 -4.185147e-12
007005041 -5.951860e-10
007005042 -3.152606e-11
007005043 -3.638009e-10
007005044 -3.422786e-10
007005045 -5.429930e-10
007005046 -1.531214e-11
007005047 -1.847847e-10
007006048 -4.973827e-10
007006049 5.218992e-11
007006050 1.959838e-10
007006051 5.787492e-10
007006052 -7.516441e-11
007006053 -9.364832e-11
007006054 4.379875e-10
007006055 5.459274e-10
007007056 1.109933e-10
007007057 -2.822358e-11
007007058 6.931143e-11
007007059 3.207159e-10
007007060 -4.833494e-10
007007061 6.363225e-10
007007062 2.818945e-10
007007063 4.082009e-10
007008064 -6.483352e-10
007008065 1.766480e-10
007008066 -1.622013e-10
007008067 2.472551e-10
007008068 -8.816078e-11
007008069 5.454447e-11
007008070 -3.976570e-10
007008071 4.773804e-10
007009072 -4.394939e-11
007009073 4.592141e-10
007009074 0.000000e+00
007009075 0.000000e+00
007009076 -5.993636e-10
007009077 2.797374e-10
007009078 -1.376355e-10
007009079 6.613367e-10
007010080 4.501599e-10
007010081 2.779262e-10
007010082 -3.418669e-10
007010083 6.912582e-10
007010084 -3.550894e-10
007010085 -2.970277e-11
007010086 0.000000e+00
007010087 0.000000e+00
007011088 -5.923655e-10
007011089 5.536796e-10
007011090 -1.257517e-10
007011091 -2.631740e-10
007011092 -8.119081e-10
007011093 2.811782e-10
007011094 8.793020e-11
007011095 -3.351743e-10
011000000 3.484234e-27
011000001 7.757365e-27
011000002 -9.735086e-10
011000003 2.497329e-10
011000004 -9.601789e-10
011000005 8.383860e-10
011000006 -4.529824e-10
011000007 4.203048e-10
011001008 -2.667218e-10
011001009 2.395248e-10
011001010 -6.388549e-10
011001011 6.243583e-10
011001012 -1.347327e-09
011001013 8.782772e-10
011001014 -7.096378e-10
011001015 1.935224e-10
011002016 -6.677799e-10
011002017 7.874330e-10
011002018 -3.265130e-10
011002019 7.368011e-10
011002020 -2.311490e-10
011002021 9.252994e-10
011002022 -8.846322e-10
011002023 4.766957e-10
011003024 4.126818e-10
011003025 -8.364366e-11
011003026 -7.830110e-11
011003027 8.513631e-11
011003028 -2.902455e-11
011003029 5.845087e-13
011003030 8.061210e-09
011003031 0.000000e+00
011004032 2.197575e-10
011004033 1.893293e-10
011004034 1.404635e-10
011004035 5.445480e-10
011004036 -2.239465e-11
011004037 -3.572082e-10
011004038 2.899517e-10
011004039 4.771252e-10
011005040 3.899448e-11
011005041 3.940633e-10
011005042 2.610335e-10
011005043 4.972866e-11
011005044 -1.315145e-10
011005045 1.249334e-10
011005046 2.224784e-10
011005047 7.518621e-10
011006048 -1.261418e-09
011006049 1.405238e-09
011006050 -5.717478e-11
011006051 2.400205e-11
011006052 -2.132690e-10
011006053 -2.018617e-10
011006054 1.296308e-09
011006055 2.659782e-10
011007056 3.283545e-10
011007057 6.899980e-11
011007058 1.062081e-10
011007059 3.854629e-11
011007060 -7.075145e-10
011007061 -6.908629e-11
011007062 -6.418906e-10
011007063 -4.730956e-11
011008064 -1.841888e-10
011008065 -4.328493e-10
011008066 -5.691109e-10
011008067 -7.409683e-10
011008068 9.452901e-10
011008069 -1.747482e-10
011008070 -3.281977e-10
011008071 -2.733591e-10
011009072 0.000000e+00
011009073 0.000000e+00
011009074 -6.111613e-10
011009075 -3.665440e-10
011009076 -8.297673e-10
011009077 -8.479234e-10
011009078 9.504876e-10
011009079 -6.440564e-10
011010080 8.188165e-09
011010081 7.770902e-09
011010082 7.991207e-10
011010083 -5.723322e-11
011010084 -1.214340e-10
011010085 1.312890e-10
011010086 2.023814e-11
011010087 -8.056873e-10
011011088 8.544376e-11
011011089 2.226373e-10
011011090 1.857148e-11
011011091 -3.346029e-10
011011092 -6.612044e-10
011011093 -5.115282e-10
011011094 -8.861384e-10
011011095 -1.379191e-10
013000000 6.658858e-27
013000001 3.704206e-27
013000002 2.234652e-10
013000003 -2.493597e-10
013000004 -4.278771e-10
013000005 6.749373e-10
013000006 -4.294378e-10
013000007 -2.272285e-10
013001008 1.898542e-10
013001009 7.385266e-10
013001010 5.364945e-10
013001011 1.246893e-11
013001012 -2.188955e-10
013001013 9.185349e-11
013001014 2.405270e-10
013001015 1.668451e-10
013002016 5.863955e-10
013002017 -2.845113e-10
013002018 8.264564e-10
013002019 1.911327e-10
013002020 7.755870e-10
013002021 2.403117e-10
013002022 -6.721245e-10
013002023 1.407223e-10
013003024 5.436623e-12
013003025 -8.861933e-11
013003026 -4.408853e-10
013003027 -2.280285e-10
013003028 -3.359496e-10
013003029 2.406085e-10
013003030 -4.917937e-11
013003031 7.547034e-10
013004032 -6.329089e-10
013004033 -1.073241e-10
013004034 -4.219335e-10
013004035 -2.560604e-10
013004036 -5.178345e-10
013004037 -5.016306e-10
013004038 -1.138665e-09
013004039 -1.437133e-10
013005040 -8.891930e-10
013005041 -2.371492e-10
013005042 -4.906041e-10
013005043 -4.948598e-10
013005044 -3.856466e-10
013005045 -4.529688e-10
013005046 -5.633492e-10
013005047 -1.172951e-10
013006048 -2.933015e-10
013006049 -2.307735e-10
013006050 -7.835795e-10
013006051 -3.636998e-10
013006052 -8.127053e-10
013006053 -2.670791e-10
013006054 -8.777245e-10
013006055 -5.513138e-10
013007056 -6.671986e-10
013007057 1.756687e-10
013007058 -3.292046e-10
013007059 6.852660e-11
013007060 -6.766850e-10
013007061 -3.273263e-10
013007062 7.544747e-10
013007063 2.952701e-10
013008064 -8.435718e-10
013008065 1.783820e-10
013008066 -1.134463e-09
013008067 -6.677189e-10
013008068 -2.771072e-10
013008069 9.054642e-10
013008070 -2.127385e-10
013008071 -1.163365e-10
013009072 -4.540136e-10
013009073 -3.986713e-10
013009074 -8.116827e-10
013009075 -2.800055e-10
013009076 -8.716695e-10
013009077 -6.030012e-10
013009078 -8.732998e-10
013009079 -8.512053e-10
013010080 -1.058837e-09
013010081 -1.117868e-09
013010082 4.103843e-10
013010083 -6.586949e-10
013010084 1.190776e-10
013010085 -5.888366e-10
013010086 -5.955259e-10
013010087 -1.605586e-11
013011088 -1.064896e-09
013011089 -5.281202e-10
013011090 -9.605759e-10
013011091 -7.285111e-10
013011092 -4.212670e-10
013011093 -4.275345e-10
013011094 -2.807206e-10
013011095 2.478489e-10
017000000 2.802908e-28
017000001 -1.470892e-26
017000002 7.916304e-10
017000003 4.268104e-10
017000004 2.562010e-10
017000005 -6.113270e-10
017000006 8.700692e-10
017000007 5.878784e-10
017001008 5.011773e-10
017001009 -5.554552e-10
017001010 3.999149e-10
017001011 -5.324798e-10
017001012 5.483207e-10
017001013 -4.366475e-10
017001014 6.321684e-10
017001015 -9.751850e-10
017002016 1.004076e-09
017002017 -6.649138e-10
017002018 7.761113e-10
017002019 -2.755542e-10
017002020 6.002791e-10
017002021 -3.433167e-10
017002022 7.727489e-10
017002023 -1.242671e-10
017003024 5.758480e-10
017003025 -4.448282e-10
017003026 1.099052e-09
017003027 -4.099661e-10
017003028 7.621207e-10
017003029 -4.854832e-10
017003030 3.650869e-10
017003031 -1.103016e-10
017004032 2.875507e-10
017004033 -1.371239e-10
017004034 2.708704e-10
017004035 -1.776123e-10
017004036 8.084440e-10
017004037 -9.195275e-10
017004038 3.631708e-11
017004039 -8.382264e-10
017005040 6.865088e-10
017005041 -2.566871e-10
017005042 1.037169e-09
017005043 -4.500675e-10
017005044 3.288978e-09
017005045 6.310627e-10
017005046 4.597586e-10
017005047 -6.494383e-10
017006048 2.895815e-10
017006049 1.730776e-10
017006050 1.249501e-09
017006051 -1.015742e-09
017006052 5.272528e-11
017006053 -7.575317e-10
017006054 0.000000e+00
017006055 -9.001351e-10
017007056 3.018504e-11
017007057 -2.893782e-10
017007058 1.274758e-09
017007059 -6.720241e-10
017007060 1.906937e-10
017007061 -6.171527e-10
017007062 -8.285016e-12
017007063 -5.694971e-10
017008064 8.039192e-10
017008065 -3.225056e-10
017008066 8.051063e-10
017008067 -5.260253e-10
017008068 4.155174e-10
017008069 2.400171e-10
017008070 -2.584559e-10
017008071 0.000000e+00
017009072 -2.599534e-10
017009073 -6.591195e-10
017009074 -7.420887e-11
017009075 -5.426892e-10
017009076 3.133154e-10
017009077 -8.271750e-10
017009078 1.018410e-10
017009079 -4.257582e-10
017010080 7.640743e-10
017010081 -1.529432e-10
017010082 6.048986e-10
017010083 -9.947826e-10
017010084 -1.646258e-10
017010085 -1.048551e-09
017010086 -8.057468e-11
017010087 -5.114852e-10
017011088 3.837123e-10
017011089 -9.874086e-10
017011090 7.135830e-10
017011091 -8.725235e-10
017011092 9.512102e-10
017011093 -1.060198e-09
017011094 3.802396e-10
017011095 -6.289591e-10
021000000 1.636855e-26
021000001 1.044966e-26
021000002 -4.546094e-10
021000003 5.982563e-11
021000004 -1.774898e-11
021000005 1.275938e-09
021000006 5.549982e-11
021000007 -1.401592e-10
021001008 6.558880e-11
021001009 5.359279e-10
021001010 2.668114e-10
021001011 6.145777e-10
021001012 -1.660468e-10
021001013 2.991398e-10
021001014 -2.797802e-10
021001015 1.886402e-10
021002016 -1.518165e-10
021002017 6.389213e-10
021002018 0.000000e+00
021002019 0.000000e+00
021002020 -2.784232e-11
021002021 4.856178e-10
021002022 -4.782970e-11
021002023 5.498417e-10
021003024 -3.071975e-10
021003025 3.040364e-10
021003026 -5.017704e-11
021003027 6.431781e-10
021003028 -2.521004e-10
021003029 2.755878e-10
021003030 5.328375e-11
021003031 2.454381e-09
021004032 3.370427e-10
021004033 4.235391e-10
021004034 6.032227e-10
021004035 8.931436e-10
021004036 7.315729e-11
021004037 6.948740e-10
021004038 1.111771e-10
021004039 1.154151e-09
021005040 1.086526e-10
021005041 9.798138e-10
021005042 -2.660550e-10
021005043 7.973394e-10
021005044 -4.848081e-11
021005045 1.353382e-10
021005046 1.439928e-10
021005047 3.829028e-10
021006048 7.650811e-11
021006049 6.665161e-10
021006050 9.641114e-10
021006051 1.035359e-09
021006052 -2.237101e-10
021006053 7.622790e-10
021006054 2.402823e-10
021006055 1.455896e-09
021007056 4.817263e-10
021007057 1.607305e-09
021007058 6.059083e-10
021007059 1.178932e-09
021007060 -1.264541e-10
021007061 1.089383e-09
021007062 -1.283102e-10
021007063 4.562292e-10
021008064 7.975797e-10
021008065 0.000000e+00
021008066 3.176898e-10
021008067 5.069421e-10
021008068 7.983446e-09
021008069 0.000000e+00
021008070 1.251581e-10
021008071 4.845917e-10
021009072 -1.714400e-10
021009073 3.018850e-10
021009074 1.824484e-10
021009075 1.858991e-09
021009076 0.000000e+00
021009077 7.419111e-10
021009078 -1.623001e-10
021009079 2.262515e-10
021010080 1.140168e-10
021010081 1.221325e-09
021010082 1.640098e-10
021010083 5.778495e-10
021010084 -1.214207e-10
021010085 5.494344e-10
021010086 -2.618634e-11
021010087 9.609952e-10
021011088 -1.781104e-10
021011089 1.415575e-09
021011090 5.022271e-10
021011091 6.705106e-10
021011092 1.576400e-10
021011093 6.980533e-10
021011094 -2.492817e-10
021011095 7.529767e-10
024000000 -7.746069e-27
024000001 -3.795637e-27
024000002 -2.471221e-11
024000003 -2.843552e-10
024000004 -1.792772e-10
024000005 -2.784403e-10
024000006 -4.290890e-10
024000007 -3.907639e-10
024001008 -1.408779e-10
024001009 1.045085e-09
024001010 -1.313524e-10
024001011 1.736586e-10
024001012 -2.105670e-10
024001013 -3.118177e-10
024001014 -2.344148e-10
024001015 1.780667e-10
024002016 -2.782481e-10
024002017 -9.804428e-11
024002018 2.103095e-10
024002019 4.218469e-10
024002020 2.802250e-10
024002021 8.045473e-10
024002022 -1.104205e-10
024002023 -1.241421e-11
024003024 -3.659941e-10
024003025 1.986197e-10
024003026 -4.103046e-10
024003027 -6.266850e-11
024003028 -1.717528e-10
024003029 7.878219e-11
024003030 -2.055722e-10
024003031 5.728792e-10
024004032 1.671284e-10
024004033 4.426540e-10
024004034 -2.829148e-10
024004035 3.980196e-11
024004036 -2.084060e-10
024004037 1.328614e-10
024004038 -1.687624e-10
024004039 8.529911e-11
024005040 6.545101e-11
024005041 4.648401e-10
024005042 1.393830e-10
024005043 3.171864e-10
024005044 -2.787546e-10
024005045 4.197350e-10
024005046 -5.716365e-10
024005047 3.888705e-10
024006048 -5.990650e-10
024006049 4.732498e-10
024006050 -1.047180e-09
024006051 3.995782e-10
024006052 -1.879150e-10
024006053 -3.950665e-11
024006054 -4.082005e-10
024006055 1.652248e-10
024007056 -3.026530e-10
024007057 2.931862e-10
024007058 -2.034379e-10
024007059 1.713536e-10
024007060 -3.254607e-10
024007061 1.368238e-10
024007062 -3.757775e-10
024007063 -4.976555e-10
024008064 -3.111935e-10
024008065 -4.510027e-10
024008066 -6.074596e-10
024008067 8.504392e-10
024008068 -4.427374e-10
024008069 3.564844e-10
024008070 -9.063729e-10
024008071 3.125392e-10
024009072 -9.853236e-10
024009073 9.342132e-10
024009074 -1.048301e-09
024009075 -5.413682e-10
024009076 -7.491400e-10
024009077 4.797522e-10
024009078 -1.306618e-11
024009079 8.086628e-10
024010080 -8.650909e-10
024010081 1.331062e-10
024010082 -6.463385e-10
024010083 4.902538e-10
024010084 -6.521279e-10
024010085 -6.222596e-10
024010086 -7.329673e-10
024010087 5.929804e-10
024011088 -4.787023e-10
024011089 7.231293e-10
024011090 -5.863801e-10
024011091 9.591591e-10
024011092 -3.002333e-10
024011093 2.522256e-10
024011094 -1.111185e-09
024011095 -1.987328e-10
026000000 -3.021993e-26
026000001 -8.310531e-27
026000002 3.933663e-10
026000003 5.175013e-10
026000004 5.813984e-11
026000005 -1.260382e-10
026000006 -2.430473e-10
026000007 3.786548e-10
026001008 3.448215e-11
026001009 -1.359081e-10
026001010 -2.779835e-10
026001011 -6.467902e-10
026001012 -6.774693e-10
026001013 -2.245094e-10
026001014 3.569161e-10
026001015 -4.285794e-10
026002016 -3.864790e-10
026002017 -4.269960e-10
026002018 -6.176025e-12
026002019 -1.021221e-09
026002020 -3.316107e-11
026002021 -1.948796e-10
026002022 -2.265704e-10
026002023 -4.418072e-10
026003024 -2.921665e-10
026003025 6.649095e-10
026003026 1.637793e-10
026003027 -6.056452e-10
026003028 -1.793568e-10
026003029 -2.301017e-10
026003030 7.303200e-10
026003031 1.302474e-10
026004032 3.650504e-10
026004033 -6.069449e-10
026004034 6.559302e-11
026004035 -5.030957e-10
026004036 -5.239437e-10
026004037 8.680160e-10
026004038 1.891797e-10
026004039 -1.354033e-09
026005040 7.707475e-10
026005041 1.374102e-11
026005042 -4.130653e-10
026005043 6.738866e-10
026005044 3.673315e-10
026005045 -2.413718e-10
026005046 -2.921127e-10
026005047 4.714218e-10
026006048 -1.874603e-10
026006049 1.018625e-09
026006050 -7.228060e-10
026006051 -2.651896e-10
026006052 0.000000e+00
026006053 0.000000e+00
026006054 -3.908042e-10
026006055 2.106628e-10
026007056 -2.825557e-10
026007057 -8.906352e-10
026007058 0.000000e+00
026007059 0.000000e+00
026007060 3.166733e-11
026007061 9.328261e-10
026007062 -6.445013e-11
026007063 -1.894410e-10
026008064 -5.585006e-10
026008065 -3.683525e-10
026008066 0.000000e+00
026008067 0.000000e+00
026008068 0.000000e+00
026008069 0.000000e+00
026008070 0.000000e+00
026008071 0.000000e+00
026009072 -1.922605e-10
026009073 -4.187910e-10
026009074 -5.693837e-10
026009075 -5.926759e-10
026009076 0.000000e+00
026009077 0.000000e+00
026009078 0.000000e+00
026009079 0.000000e+00
026010080 -2.722302e-10
026010081 -3.592754e-12
026010082 -3.137887e-10
026010083 2.668979e-10
026010084 -5.841091e-10
026010085 2.342204e-10
026010086 -9.877534e-10
026010087 6.740078e-11
026011088 -3.165112e-10
026011089 4.142282e-10
026011090 -2.468251e-10
026011091 -5.827625e-10
026011092 -6.030148e-11
026011093 -5.835997e-10
026011094 -5.808956e-11
026011095 -5.333233e-10
028000000 6.191845e-28
028000001 1.504076e-26
028000002 -5.498638e-10
028000003 3.484647e-11
028000004 0.000000e+00
028000005 0.000000e+00
028000006 0.000000e+00
028000007 0.000000e+00
028001008 0.000000e+00
028001009 0.000000e+00
028001010 0.000000e+00
028001011 0.000000e+00
028001012 -9.754088e-10
028001013 1.031855e-10
028001014 -3.129118e-11
028001015 -1.181756e-10
028002016 0.000000e+00
028002017 0.000000e+00
028002018 0.000000e+00
028002019 0.000000e+00
028002020 0.000000e+00
028002021 0.000000e+00
028002022 -1.017062e-10
028002023 -3.536364e-10
028003024 -3.513791e-10
028003025 -2.948442e-10
028003026 -1.208750e-09
028003027 -6.457891e-10
028003028 0.000000e+00
028003029 0.000000e+00
028003030 -6.587697e-11
028003031 3.048981e-10
028004032 -3.825107e-10
028004033 4.626395e-10
028004034 1.687954e-10
028004035 6.995534e-10
028004036 -7.338748e-10
028004037 1.769663e-10
028004038 0.000000e+00
028004039 0.000000e+00
028005040 0.000000e+00
028005041 0.000000e+00
028005042 -5.069924e-10
028005043 -5.603986e-10
028005044 -5.687476e-10
028005045 6.607329e-10
028005046 6.808347e-10
028005047 -6.738255e-10
028006048 9.881192e-10
028006049 7.137238e-10
028006050 4.360136e-10
028006051 1.031008e-09
028006052 7.333566e-10
028006053 8.810429e-10
028006054 2.305885e-10
028006055 -7.587422e-12
028007056 0.000000e+00
028007057 0.000000e+00
028007058 6.503146e-11
028007059 1.158827e-09
028007060 -1.032294e-10
028007061 6.244120e-10
028007062 -2.619666e-10
028007063 -2.852247e-10
028008064 4.658654e-10
028008065 1.397342e-10
028008066 0.000000e+00
028008067 0.000000e+00
028008068 3.113462e-11
028008069 -1.148213e-10
028008070 -2.244153e-10
028008071 -1.354936e-10
028009072 -2.776798e-10
028009073 -1.604711e-11
028009074 0.000000e+00
028009075 0.000000e+00
028009076 3.230092e-09
028009077 7.443442e-10
028009078 -2.867607e-10
028009079 -1.043235e-11
028010080 1.316480e-10
028010081 3.848120e-10
028010082 -3.331997e-10
028010083 2.298058e-10
028010084 -6.910941e-11
028010085 1.182349e-09
028010086 -2.243079e-10
028010087 4.681583e-10
028011088 -3.885847e-10
028011089 -1.484724e-10
028011090 -2.031427e-10
028011091 -7.110831e-11
028011092 -2.689194e-10
028011093 -1.685503e-10
028011094 5.147961e-10
028011095 9.402494e-10
030000000 -6.972992e-27
030000001 -2.191037e-28
030000002 1.806841e-09
030000003 1.899401e-10
030000004 -1.060131e-10
030000005 -4.774699e-10
030000006 0.000000e+00
030000007 0.000000e+00
030001008 -1.143179e-10
030001009 1.088566e-10
030001010 5.647112e-10
030001011 -5.080704e-10
030001012 -5.316021e-10
030001013 2.752863e-10
030001014 3.668396e-12
030001015 2.271149e-10
030002016 3.153927e-10
030002017 -6.292000e-11
030002018 9.900358e-11
030002019 3.585700e-10
030002020 4.259124e-10
030002021 3.567138e-10
030002022 -2.685056e-10
030002023 1.048684e-10
030003024 -1.092476e-10
030003025 1.632473e-09
030003026 2.346392e-10
030003027 -3.306113e-10
030003028 -5.795024e-10
030003029 1.149702e-10
030003030 -4.827175e-10
030003031 -4.520848e-11
030004032 -4.654144e-11
030004033 3.208716e-10
030004034 0.000000e+00
030004035 0.000000e+00
030004036 -3.441352e-10
030004037 1.305922e-11
030004038 1.944876e-10
030004039 -3.333306e-10
030005040 3.742245e-11
030005041 -3.400795e-10
030005042 0.000000e+00
030005043 0.000000e+00
030005044 3.438586e-10
030005045 -1.068782e-10
030005046 1.150098e-09
030005047 -3.698566e-10
030006048 1.576675e-10
030006049 -3.978977e-10
030006050 0.000000e+00
030006051 0.000000e+00
030006052 2.825182e-11
030006053 -9.301416e-11
030006054 0.000000e+00
030006055 0.000000e+00
030007056 3.253694e-10
030007057 6.235191e-11
030007058 0.000000e+00
030007059 0.000000e+00
030007060 -3.108884e-10
030007061 -8.130866e-12
030007062 -3.230492e-10
030007063 -3.912822e-10
030008064 5.735139e-10
030008065 5.461003e-10
030008066 5.309979e-12
030008067 3.497814e-09
030008068 0.000000e+00
030008069 0.000000e+00
030008070 1.263696e-10
030008071 1.302156e-10
030009072 2.979182e-10
030009073 3.850020e-10
030009074 -1.615747e-10
030009075 -9.761084e-11
030009076 -4.542971e-10
030009077 -2.420830e-10
030009078 0.000000e+00
030009079 0.000000e+00
030010080 0.000000e+00
030010081 0.000000e+00
030010082 0.000000e+00
030010083 0.000000e+00
030010084 8.309539e-10
030010085 -1.891052e-10
030010086 -1.468459e-10
030010087 1.824202e-10
030011088 0.000000e+00
030011089 0.000000e+00
030011090 -8.289028e-11
030011091 -2.265077e-10
030011092 1.304138e-09
030011093 -1.036577e-10
030011094 1.771960e-09
030011095 4.645584e-10
031000000 -3.874339e-27
031000001 -1.354467e-26
031000002 -2.306004e-11
031000003 -6.954283e-11
031000004 5.060839e-10
031000005 4.683367e-10
031000006 7.344824e-10
031000007 2.166890e-10
031001008 0.000000e+00
031001009 0.000000e+00
031001010 -1.098447e-10
031001011 1.049291e-09
031001012 9.311191e-10
031001013 -1.773790e-11
031001014 2.400689e-10
031001015 -1.227010e-10
031002016 6.937412e-10
031002017 4.510277e-10
031002018 0.000000e+00
031002019 0.000000e+00
031002020 4.058210e-10
031002021 7.042535e-10
031002022 -1.088232e-10
031002023 4.829354e-10
031003024 -1.841559e-10
031003025 5.096816e-10
031003026 0.000000e+00
031003027 0.000000e+00
031003028 -2.261407e-10
031003029 6.603963e-10
031003030 0.000000e+00
031003031 0.000000e+00
031004032 0.000000e+00
031004033 0.000000e+00
031004034 -2.079956e-11
031004035 0.000000e+00
031004036 9.692796e-10
031004037 -2.101881e-10
031004038 4.685496e-10
031004039 -6.304032e-11
031005040 7.616269e-11
031005041 -8.344931e-10
031005042 0.000000e+00
031005043 0.000000e+00
031005044 -1.139034e-11
031005045 4.549647e-10
031005046 0.000000e+00
031005047 0.000000e+00
031006048 3.098326e-10
031006049 -1.199003e-11
031006050 1.017254e-09
031006051 -3.714377e-11
031006052 -2.080867e-10
031006053 -4.766032e-11
031006054 0.000000e+00
031006055 0.000000e+00
031007056 1.369747e-10
031007057 -3.004289e-10
031007058 1.451196e-10
031007059 6.613708e-12
031007060 1.084376e-09
031007061 4.357364e-10
031007062 2.409063e-11
031007063 -5.991990e-10
031008064 9.958069e-10
031008065 3.583606e-10
031008066 0.000000e+00
031008067 0.000000e+00
031008068 1.018197e-10
031008069 -3.378551e-10
031008070 -7.496302e-11
031008071 4.315716e-10
031009072 -3.469858e-10
031009073 9.800996e-11
031009074 -2.180029e-11
031009075 -5.827414e-11
031009076 -5.551486e-10
031009077 7.609797e-10
031009078 2.280632e-10
031009079 8.107058e-10
031010080 -5.208321e-11
031010081 -1.794204e-10
031010082 -8.944861e-11
031010083 -2.315808e-10
031010084 -4.432699e-10
031010085 -1.456589e-10
031010086 -3.457279e-10
031010087 -4.472457e-11
031011088 0.000000e+00
031011089 0.000000e+00
031011090 1.288281e-09
031011091 6.682133e-11
031011092 -1.189513e-10
031011093 5.836209e-10
031011094 -2.228007e-10
031011095 -3.030414e-10
032000000 3.869889e-27
032000001 -1.252150e-26
032000002 1.542187e-10
032000003 -4.419449e-10
032000004 -2.227275e-11
032000005 -9.371115e-10
032000006 -2.824652e-11
032000007 -2.488570e-10
032001008 -8.742207e-11
032001009 -2.964284e-10
032001010 -2.529567e-10
032001011 -5.663511e-10
032001012 2.240628e-10
032001013 -6.063963e-10
032001014 -5.356545e-12
032001015 -1.704755e-10
032002016 1.507675e-10
032002017 2.666060e-10
032002018 2.156864e-10
032002019 -3.333213e-10
032002020 1.118690e-10
032002021 -6.217684e-10
032002022 2.052164e-10
032002023 -4.869091e-10
032003024 -8.309774e-11
032003025 -3.450599e-10
032003026 3.093388e-10
032003027 -2.457011e-10
032003028 1.098516e-10
032003029 -8.191575e-10
032003030 -4.327994e-11
032003031 -5.757087e-10
032004032 -2.507018e-12
032004033 -1.932962e-10
032004034 -2.280188e-10
032004035 -9.293357e-10
032004036 -1.870067e-10
032004037 -3.300880e-10
032004038 -6.273258e-11
032004039 -4.763261e-10
032005040 1.960097e-10
032005041 -5.398449e-10
032005042 -3.246881e-10
032005043 -4.416384e-10
032005044 -9.325111e-11
032005045 -3.716698e-10
032005046 7.780097e-12
032005047 -2.405210e-10
032006048 -1.752579e-10
032006049 -7.345200e-10
032006050 -1.192328e-10
032006051 -1.282814e-10
032006052 -5.692372e-10
032006053 -1.124716e-10
032006054 1.307807e-10
032006055 -3.334348e-11
032007056 1.135166e-10
032007057 6.893229e-10
032007058 -1.015460e-10
032007059 -4.771406e-10
032007060 9.147331e-11
032007061 8.808270e-11
032007062 -2.002130e-12
032007063 -4.181926e-10
032008064 2.515577e-10
032008065 -2.491756e-10
032008066 -1.207280e-10
032008067 -8.716974e-10
032008068 2.163087e-10
032008069 8.305018e-11
032008070 -1.483229e-10
032008071 8.401984e-11
032009072 -1.570514e-10
032009073 -2.444419e-10
032009074 -4.432083e-10
032009075 -1.166050e-09
032009076 3.716250e-11
032009077 -8.523503e-10
032009078 -3.960477e-11
032009079 -8.264368e-10
032010080 -5.286866e-10
032010081 -5.497066e-11
032010082 6.070893e-11
032010083 -5.995920e-10
032010084 -6.140155e-10
032010085 -1.875731e-10
032010086 2.642356e-12
032010087 -5.873386e-10
032011088 1.690106e-10
032011089 2.478634e-10
032011090 -5.512858e-10
032011091 -5.419117e-10
032011092 -4.404075e-10
032011093 -1.246634e-09
032011094 -1.693589e-10
032011095 -7.207195e-10
101000000 1.467689e-26
101000001 -9.105715e-27
101000002 -4.396965e-11
101000003 4.460905e-10
101000004 1.744803e-10
101000005 -4.852114e-10
101000006 7.471791e-11
101000007 2.134261e-10
101001008 6.690777e-11
101001009 -3.242182e-11
101001010 1.426016e-10
101001011 2.331979e-10
101001012 1.092849e-10
101001013 1.473143e-11
101001014 2.637189e-10
101001015 2.081466e-10
101002016 4.882291e-11
101002017 4.491391e-10
101002018 6.543844e-10
101002019 6.361323e-10
101002020 -2.965582e-10
101002021 6.551464e-10
101002022 1.362589e-10
101002023 3.626561e-10
101003024 2.018781e-10
101003025 4.257103e-10
101003026 7.487814e-09
101003027 8.110387e-09
101003028 3.886989e-10
101003029 6.047793e-10
101003030 9.533271e-11
101003031 -2.248897e-10
101004032 -1.940879e-10
101004033 2.958550e-10
101004034 6.432544e-10
101004035 2.452982e-10
101004036 7.034289e-10
101004037 2.769971e-11
101004038 3.401536e-10
101004039 3.806516e-10
101005040 -2.520354e-10
101005041 9.782250e-10
101005042 3.093333e-10
101005043 3.298428e-10
101005044 2.262379e-11
101005045 7.628747e-10
101005046 1.754165e-10
101005047 4.683147e-10
101006048 -1.470602e-10
101006049 3.275027e-10
101006050 4.132698e-10
101006051 -8.274654e-12
101006052 -2.347681e-10
101006053 3.946984e-10
101006054 -1.739572e-13
101006055 5.731592e-10
101007056 4.853121e-11
101007057 5.124235e-10
101007058 5.855719e-10
101007059 8.887375e-10
101007060 -3.115924e-12
101007061 4.444061e-10
101007062 4.494003e-11
101007063 1.726272e-10
101008064 -4.083261e-10
101008065 7.486550e-11
101008066 4.158825e-10
101008067 3.145110e-10
101008068 -9.919154e-11
101008069 4.591645e-10
101008070 2.296587e-10
101008071 2.055380e-10
101009072 -2.737982e-10
101009073 1.362247e-10
101009074 -2.188573e-10
101009075 -1.136987e-10
101009076 7.603348e-09
101009077 8.025584e-09
101009078 -2.153754e-10
101009079 -2.189104e-11
101010080 -6.265658e-10
101010081 -3.667170e-11
101010082 -2.625050e-10
101010083 2.299643e-10
101010084 -4.052779e-10
101010085 1.330964e-10
101010086 1.830382e-11
101010087 7.629129e-11
101011088 -3.523411e-10
101011089 3.288057e-10
101011090 -1.046780e-11
101011091 1.658267e-10
101011092 -3.284981e-10
101011093 -4.644185e-12
101011094 -4.634398e-10
101011095 -7.488457e-11
103000000 -1.281210e-26
103000001 -8.189384e-27
103000002 -3.193404e-10
103000003 -3.070085e-10
103000004 6.695771e-11
103000005 1.763388e-10
103000006 -1.152663e-10
103000007 1.072184e-10
103001008 1.728807e-10
103001009 -1.930830e-10
103001010 1.990768e-10
103001011 -1.011559e-09
103001012 2.213686e-10
103001013 4.270924e-10
103001014 4.257713e-11
103001015 -4.328535e-12
103002016 2.578841e-10
103002017 -3.363680e-10
103002018 6.315987e-11
103002019 -2.568579e-10
103002020 -1.168047e-10
103002021 -2.540215e-10
103002022 -7.127149e-11
103002023 -2.980169e-10
103003024 6.745574e-10
103003025 1.669560e-10
103003026 1.321541e-09
103003027 -2.352855e-10
103003028 -4.929277e-11
103003029 -2.205961e-10
103003030 4.691217e-10
103003031 -3.960956e-10
103004032 4.214024e-10
103004033 -5.051551e-10
103004034 -7.346658e-11
103004035 -6.805938e-10
103004036 2.769297e-10
103004037 -5.850620e-10
103004038 6.194574e-11
103004039 2.528369e-10
103005040 -4.398830e-12
103005041 -2.953200e-10
103005042 7.259900e-11
103005043 -2.507770e-10
103005044 4.153174e-10
103005045 -2.909716e-10
103005046 1.790264e-10
103005047 -6.920504e-10
103006048 -3.897114e-10
103006049 -8.296610e-10
103006050 1.061381e-10
103006051 -6.247688e-10
103006052 -3.826010e-10
103006053 -9.531107e-10
103006054 -2.487638e-10
103006055 -4.982581e-10
103007056 1.446838e-11
103007057 -1.720516e-10
103007058 1.766354e-10
103007059 -1.855386e-10
103007060 -6.923538e-11
103007061 -5.484393e-10
103007062 -3.732795e-10
103007063 -6.613547e-10
103008064 -5.495495e-12
103008065 -7.548556e-10
103008066 8.575169e-11
103008067 -4.615368e-10
103008068 -1.609340e-10
103008069 -3.777295e-10
103008070 -2.442302e-10
103008071 -6.965437e-10
103009072 -2.120036e-10
103009073 -8.539264e-10
103009074 -7.079493e-10
103009075 -8.476272e-10
103009076 -3.478215e-10
103009077 -4.279297e-10
103009078 2.449816e-10
103009079 -6.112401e-10
103010080 9.026176e-11
103010081 -4.555391e-10
103010082 -3.773798e-10
103010083 -8.866586e-10
103010084 -3.917254e-10
103010085 -7.567451e-10
103010086 4.896131e-10
103010087 -8.071780e-10
103011088 -9.395318e-11
103011089 -5.978211e-10
103011090 1.785601e-10
103011091 -6.704731e-10
103011092 -3.712096e-11
103011093 -7.073303e-10
103011094 2.082160e-10
103011095 -6.763770e-10
201000000 0.000000e+00
201000001 0.000000e+00
201000002 0.000000e+00
201000003 0.000000e+00
201000004 0.000000e+00
201000005 0.000000e+00
201000006 0.000000e+00
201000007 0.000000e+00
201001008 0.000000e+00
201001009 0.000000e+00
201001010 0.000000e+00
201001011 0.000000e+00
201001012 0.000000e+00
201001013 0.000000e+00
201001014 0.000000e+00
201001015 0.000000e+00
201002016 0.000000e+00
201002017 0.000000e+00
201002018 0.000000e+00
201002019 0.000000e+00
201002020 0.000000e+00
201002021 0.000000e+00
201002022 0.000000e+00
201002023 0.000000e+00
201003024 0.000000e+00
201003025 0.000000e+00
201003026 0.000000e+00
201003027 0.000000e+00
201003028 0.000000e+00
201003029 0.000000e+00
201003030 0.000000e+00
201003031 0.000000e+00
201004032 0.000000e+00
201004033 0.000000e+00
201004034 0.000000e+00
201004035 0.000000e+00
201004036 0.000000e+00
201004037 0.000000e+00
201004038 0.000000e+00
201004039 0.000000e+00
201005040 0.000000e+00
201005041 0.000000e+00
201005042 0.000000e+00
201005043 0.000000e+00
201005044 0.000000e+00
201005045 0.000000e+00
201005046 0.000000e+00
201005047 0.000000e+00
201006048 0.000000e+00
201006049 0.000000e+00
201006050 0.000000e+00
201006051 0.000000e+00
201006052 0.000000e+00
201006053 0.000000e+00
201006054 0.000000e+00
201006055 0.000000e+00
201007056 0.000000e+00
201007057 0.000000e+00
201007058 0.000000e+00
201007059 0.000000e+00
201007060 0.000000e+00
201007061 0.000000e+00
201007062 0.000000e+00
201007063 0.000000e+00
201008064 0.000000e+00
201008065 0.000000e+00
201008066 0.000000e+00
201008067 0.000000e+00
201008068 0.000000e+00
201008069 0.000000e+00
201008070 0.000000e+00
201008071 0.000000e+00
201009072 0.000000e+00
201009073 0.000000e+00
201009074 0.000000e+00
201009075 0.000000e+00
201009076 0.000000e+00
201009077 0.000000e+00
201009078 0.000000e+00
201009079 0.000000e+00
201010080 0.000000e+00
201010081 0.000000e+00
201010082 0.000000e+00
201010083 0.000000e+00
201010084 0.000000e+00
201010085 0.000000e+00
201010086 0.000000e+00
201010087 0.000000e+00
201011088 0.000000e+00
201011089 0.000000e+00
201011090 0.000000e+00
201011091 0.000000e+00
201011092 0.000000e+00
201011093 0.000000e+00
201011094 0.000000e+00
201011095 0.000000e+00
301000000 0.000000e+00
301000001 0.000000e+00
301000002 0.000000e+00
301000003 0.000000e+00
301000004 0.000000e+00
301000005 0.000000e+00
301000006 0.000000e+00
301000007 0.000000e+00
301001008 0.000000e+00
301001009 0.000000e+00
301001010 0.000000e+00
301001011 0.000000e+00
301001012 0.000000e+00
301001013 0.000000e+00
301001014 0.000000e+00
301001015 0.000000e+00
301002016 0.000000e+00
301002017 0.000000e+00
301002018 0.000000e+00
301002019 0.000000e+00
301002020 0.000000e+00
301002021 0.000000e+00
301002022 0.000000e+00
301002023 0.000000e+00
301003024 0.000000e+00
301003025 0.000000e+00
301003026 0.000000e+00
301003027 0.000000e+00
301003028 0.000000e+00
301003029 0.000000e+00
301003030 0.000000e+00
301003031 0.000000e+00
301004032 0.000000e+00
301004033 0.000000e+00
301004034 0.000000e+00
301004035 0.000000e+00
301004036 0.000000e+00
301004037 0.000000e+00
301004038 0.000000e+00
301004039 0.000000e+00
301005040 0.000000e+00
301005041 0.000000e+00
301005042 0.000000e+00
301005043 0.000000e+00
301005044 0.000000e+00
301005045 0.000000e+00
301005046 0.000000e+00
301005047 0.000000e+00
301006048 0.000000e+00
301006049 0.000000e+00
301006050 0.000000e+00
301006051 0.000000e+00
301006052 0.000000e+00
301006053 0.000000e+00
301006054 0.000000e+00
301006055 0.000000e+00
301007056 0.000000e+00
301007057 0.000000e+00
301007058 0.000000e+00
301007059 0.000000e+00
301007060 0.000000e+00
301007061 0.000000e+00
301007062 0.000000e+00
301007063 0.000000e+00
301008064 0.000000e+00
301008065 0.000000e+00
301008066 0.000000e+00
301008067 0.000000e+00
301008068 0.000000e+00
301008069 0.000000e+00
301008070 0.000000e+00
301008071 0.000000e+00
301009072 0.000000e+00
301009073 0.000000e+00
301009074 0.000000e+00
301009075 0.000000e+00
301009076 0.000000e+00
301009077 0.000000e+00
301009078 0.000000e+00
301009079 0.000000e+00
301010080 0.000000e+00
301010081 0.000000e+00
301010082 0.000000e+00
301010083 0.000000e+00
301010084 0.000000e+00
301010085 0.000000e+00
301010086 0.000000e+00
301010087 0.000000e+00
301011088 0.000000e+00
301011089 0.000000e+00
301011090 0.000000e+00
301011091 0.000000e+00
301011092 0.000000e+00
301011093 0.000000e+00
301011094 0.000000e+00
301011095 0.000000e+00
302000000 0.000000e+00
302000001 0.000000e+00
302000002 0.000000e+00
302000003 0.000000e+00
302000004 0.000000e+00
302000005 0.000000e+00
302000006 0.000000e+00
302000007 0.000000e+00
302001008 0.000000e+00
302001009 0.000000e+00
302001010 0.000000e+00
302001011 0.000000e+00
302001012 0.000000e+00
302001013 0.000000e+00
302001014 0.000000e+00
302001015 0.000000e+00
302002016 0.000000e+00
302002017 0.000000e+00
302002018 0.000000e+00
302002019 0.000000e+00
302002020 0.000000e+00
302002021 0.000000e+00
302002022 0.000000e+00
302002023 0.000000e+00
302003024 0.000000e+00
302003025 0.000000e+00
302003026 0.000000e+00
302003027 0.000000e+00
302003028 0.000000e+00
302003029 0.000000e+00
302003030 0.000000e+00
302003031 0.000000e+00
302004032 0.000000e+00
302004033 0.000000e+00
302004034 0.000000e+00
302004035 0.000000e+00
302004036 0.000000e+00
302004037 0.000000e+00
302004038 0.000000e+00
302004039 0.000000e+00
302005040 0.000000e+00
302005041 0.000000e+00
302005042 0.000000e+00
302005043 0.000000e+00
302005044 0.000000e+00
302005045 0.000000e+00
302005046 0.000000e+00
302005047 0.000000e+00
302006048 0.000000e+00
302006049 0.000000e+00
302006050 0.000000e+00
302006051 0.000000e+00
302006052 0.000000e+00
302006053 0.000000e+00
302006054 0.000000e+00
302006055 0.000000e+00
302007056 0.000000e+00
302007057 0.000000e+00
302007058 0.000000e+00
302007059 0.000000e+00
302007060 0.000000e+00
302007061 0.000000e+00
302007062 0.000000e+00
302007063 0.000000e+00
302008064 0.000000e+00
302008065 0.000000e+00
302008066 0.000000e+00
302008067 0.000000e+00
302008068 0.000000e+00
302008069 0.000000e+00
302008070 0.000000e+00
302008071 0.000000e+00
302009072 0.000000e+00
302009073 0.000000e+00
302009074 0.000000e+00
302009075 0.000000e+00
302009076 0.000000e+00
302009077 0.000000e+00
302009078 0.000000e+00
302009079 0.000000e+00
302010080 0.000000e+00
302010081 0.000000e+00
302010082 0.000000e+00
302010083 0.000000e+00
302010084 0.000000e+00
302010085 0.000000e+00
302010086 0.000000e+00
302010087 0.000000e+00
302011088 0.000000e+00
302011089 0.000000e+00
302011090 0.000000e+00
302011091 0.000000e+00
302011092 0.000000e+00
302011093 0.000000e+00
302011094 0.000000e+00
302011095 0.000000e+00
401000000 0.000000e+00
401000001 0.000000e+00
401000002 0.000000e+00
401000003 0.000000e+00
401000004 0.000000e+00
401000005 0.000000e+00
401000006 0.000000e+00
401000007 0.000000e+00
401001008 0.000000e+00
401001009 0.000000e+00
401001010 0.000000e+00
401001011 0.000000e+00
401001012 0.000000e+00
401001013 0.000000e+00
401001014 0.000000e+00
401001015 0.000000e+00
401002016 0.000000e+00
401002017 0.000000e+00
401002018 0.000000e+00
401002019 0.000000e+00
401002020 0.000000e+00
401002021 0.000000e+00
401002022 0.000000e+00
401002023 0.000000e+00
401003024 0.000000e+00
401003025 0.000000e+00
401003026 0.000000e+00
401003027 0.000000e+00
401003028 0.000000e+00
401003029 0.000000e+00
401003030 0.000000e+00
401003031 0.000000e+00
401004032 0.000000e+00
401004033 0.000000e+00
401004034 0.000000e+00
401004035 0.000000e+00
401004036 0.000000e+00
401004037 0.000000e+00
401004038 0.000000e+00
401004039 0.000000e+00
401005040 0.000000e+00
401005041 0.000000e+00
401005042 0.000000e+00
401005043 0.000000e+00
401005044 0.000000e+00
401005045 0.000000e+00
401005046 0.000000e+00
401005047 0.000000e+00
401006048 0.000000e+00
401006049 0.000000e+00
401006050 0.000000e+00
401006051 0.000000e+00
401006052 0.000000e+00
401006053 0.000000e+00
401006054 0.000000e+00
401006055 0.000000e+00
401007056 0.000000e+00
401007057 0.000000e+00
401007058 0.000000e+00
401007059 0.000000e+00
401007060 0.000000e+00
401007061 0.000000e+00
401007062 0.000000e+00
401007063 0.000000e+00
401008064 0.000000e+00
401008065 0.000000e+00
401008066 0.000000e+00
401008067 0.000000e+00
401008068 0.000000e+00
401008069 0.000000e+00
401008070 0.000000e+00
401008071 0.000000e+00
401009072 0.000000e+00
401009073 0.000000e+00
401009074 0.000000e+00
401009075 0.000000e+00
401009076 0.000000e+00
401009077 0.000000e+00
401009078 0.000000e+00
401009079 0.000000e+00
401010080 0.000000e+00
401010081 0.000000e+00
401010082 0.000000e+00
401010083 0.000000e+00
401010084 0.000000e+00
401010085 0.000000e+00
401010086 0.000000e+00
401010087 0.000000e+00
401011088 0.000000e+00
401011089 0.000000e+00
401011090 0.000000e+00
401011091 0.000000e+00
401011092 0.000000e+00
401011093 0.000000e+00
401011094 0.000000e+00
401011095 0.000000e+00
501000000 0.000000e+00
501000001 0.000000e+00
501000002 0.000000e+00
501000003 0.000000e+00
501000004 0.000000e+00
501000005 0.000000e+00
501000006 0.000000e+00
501000007 0.000000e+00
501001008 0.000000e+00
501001009 0.000000e+00
501001010 0.000000e+00
501001011 0.000000e+00
501001012 0.000000e+00
501001013 0.000000e+00
501001014 0.000000e+00
501001015 0.000000e+00
501002016 0.000000e+00
501002017 0.000000e+00
501002018 0.000000e+00
501002019 0.000000e+00
501002020 0.000000e+00
501002021 0.000000e+00
501002022 0.000000e+00
501002023 0.000000e+00
501003024 0.000000e+00
501003025 0.000000e+00
501003026 0.000000e+00
501003027 0.000000e+00
501003028 0.000000e+00
501003029 0.000000e+00
501003030 0.000000e+00
501003031 0.000000e+00
501004032 0.000000e+00
501004033 0.000000e+00
501004034 0.000000e+00
501004035 0.000000e+00
501004036 0.000000e+00
501004037 0.000000e+00
501004038 0.000000e+00
501004039 0.000000e+00
501005040 0.000000e+00
501005041 0.000000e+00
501005042 0.000000e+00
501005043 0.000000e+00
501005044 0.000000e+00
501005045 0.000000e+00
501005046 0.000000e+00
501005047 0.000000e+00
501006048 0.000000e+00
501006049 0.000000e+00
501006050 0.000000e+00
501006051 0.000000e+00
501006052 0.000000e+00
501006053 0.000000e+00
501006054 0.000000e+00
501006055 0.000000e+00
501007056 0.000000e+00
501007057 0.000000e+00
501007058 0.000000e+00
501007059 0.000000e+00
501007060 0.000000e+00
501007061 0.000000e+00
501007062 0.000000e+00
501007063 0.000000e+00
501008064 0.000000e+00
501008065 0.000000e+00
501008066 0.000000e+00
501008067 0.000000e+00
501008068 0.000000e+00
501008069 0.000000e+00
501008070 0.000000e+00
501008071 0.000000e+00
501009072 0.000000e+00
501009073 0.000000e+00
501009074 0.000000e+00
501009075 0.000000e+00
501009076 0.000000e+00
501009077 0.000000e+00
501009078 0.000000e+00
501009079 0.000000e+00
501010080 0.000000e+00
501010081 0.000000e+00
501010082 0.000000e+00
501010083 0.000000e+00
501010084 0.000000e+00
501010085 0.000000e+00
501010086 0.000000e+00
501010087 0.000000e+00
501011088 0.000000e+00
501011089 0.000000e+00
501011090 0.000000e+00
501011091 0.000000e+00
501011092 0.000000e+00
501011093 0.000000e+00
501011094 0.000000e+00
501011095 0.000000e+00
106000000 -4.233279e-28
106000001 5.701009e-27
106000002 -3.109823e-10
106000003 -6.540443e-11
106000004 3.950890e-10
106000005 -4.111845e-10
106000006 2.392760e-09
106000007 1.783699e-09
106001008 4.764494e-10
106001009 7.624905e-11
106001010 4.029376e-10
106001011 -5.605960e-10
106001012 2.143417e-09
106001013 2.264155e-09
106001014 1.856084e-09
106001015 1.886461e-09
106002016 7.782571e-10
106002017 -3.397176e-10
106002018 -3.015537e-10
106002019 -2.317838e-10
106002020 4.021606e-10
106002021 -1.685499e-10
106002022 2.128344e-09
106002023 1.468934e-09
106003024 2.365632e-09
106003025 2.133509e-09
106003026 2.190795e-09
106003027 1.683970e-09
106003028 2.327739e-09
106003029 1.904623e-09
106003030 2.021152e-09
106003031 1.493335e-09
106004032 3.049082e-10
106004033 1.024505e-10
106004034 -3.171635e-11
106004035 -5.995974e-10
106004036 2.649230e-10
106004037 1.332916e-10
106004038 1.998467e-09
106004039 1.961267e-09
106005040 2.007616e-09
106005041 1.740025e-09
106005042 2.732645e-09
106005043 1.897624e-09
106005044 2.576891e-09
106005045 2.005407e-09
106005046 1.629040e-09
106005047 1.669762e-09
106006048 4.728812e-10
106006049 -2.707082e-10
106006050 1.977542e-10
106006051 -4.789325e-10
106006052 6.887009e-10
106006053 2.492607e-10
106006054 2.493820e-09
106006055 2.114942e-09
106007056 1.784799e-09
106007057 1.959210e-09
106007058 3.014862e-09
106007059 2.104156e-09
106007060 2.297890e-09
106007061 1.434842e-09
106007062 2.388876e-09
106007063 1.929260e-09
106008064 2.782879e-10
106008065 -3.345956e-10
106008066 4.358246e-10
106008067 -1.543048e-10
106008068 3.350016e-10
106008069 -4.413659e-10
106008070 2.553667e-09
106008071 1.721977e-09
106009072 2.232728e-09
106009073 1.513476e-09
106009074 2.011153e-09
106009075 1.338523e-09
106009076 2.490962e-09
106009077 1.708575e-09
106009078 2.519078e-09
106009079 1.394378e-09
106010080 4.183629e-10
106010081 -2.751569e-10
106010082 2.971956e-10
106010083 -3.229568e-10
106010084 2.748855e-09
106010085 1.585936e-09
106010086 2.303751e-09
106010087 1.431580e-09
106011088 4.580308e-10
106011089 -1.691238e-10
106011090 8.519841e-11
106011091 -1.429606e-10
106011092 1.451447e-10
106011093 -3.099900e-10
106011094 2.454930e-09
106011095 1.771427e-09
205000000 0.000000e+00
205000001 0.000000e+00
205000002 0.000000e+00
205000003 0.000000e+00
205000004 0.000000e+00
205000005 0.000000e+00
205000006 0.000000e+00
205000007 0.000000e+00
205001008 0.000000e+00
205001009 0.000000e+00
205001010 0.000000e+00
205001011 0.000000e+00
205001012 0.000000e+00
205001013 0.000000e+00
205001014 0.000000e+00
205001015 0.000000e+00
205002016 0.000000e+00
205002017 0.000000e+00
205002018 0.000000e+00
205002019 0.000000e+00
205002020 0.000000e+00
205002021 0.000000e+00
205002022 0.000000e+00
205002023 0.000000e+00
205003024 0.000000e+00
205003025 0.000000e+00
205003026 0.000000e+00
205003027 0.000000e+00
205003028 0.000000e+00
205003029 0.000000e+00
205003030 0.000000e+00
205003031 0.000000e+00
205004032 0.000000e+00
205004033 0.000000e+00
205004034 0.000000e+00
205004035 0.000000e+00
205004036 0.000000e+00
205004037 0.000000e+00
205004038 0.000000e+00
205004039 0.000000e+00
205005040 0.000000e+00
205005041 0.000000e+00
205005042 0.000000e+00
205005043 0.000000e+00
205005044 0.000000e+00
205005045 0.000000e+00
205005046 0.000000e+00
205005047 0.000000e+00
205006048 0.000000e+00
205006049 0.000000e+00
205006050 0.000000e+00
205006051 0.000000e+00
205006052 0.000000e+00
205006053 0.000000e+00
205006054 0.000000e+00
205006055 0.000000e+00
205007056 0.000000e+00
205007057 0.000000e+00
205007058 0.000000e+00
205007059 0.000000e+00
205007060 0.000000e+00
205007061 0.000000e+00
205007062 0.000000e+00
205007063 0.000000e+00
205008064 0.000000e+00
205008065 0.000000e+00
205008066 0.000000e+00
205008067 0.000000e+00
205008068 0.000000e+00
205008069 0.000000e+00
205008070 0.000000e+00
205008071 0.000000e+00
205009072 0.000000e+00
205009073 0.000000e+00
205009074 0.000000e+00
205009075 0.000000e+00
205009076 0.000000e+00
205009077 0.000000e+00
205009078 0.000000e+00
205009079 0.000000e+00
205010080 0.000000e+00
205010081 0.000000e+00
205010082 0.000000e+00
205010083 0.000000e+00
205010084 0.000000e+00
205010085 0.000000e+00
205010086 0.000000e+00
205010087 0.000000e+00
205011088 0.000000e+00
205011089 0.000000e+00
205011090 0.000000e+00
205011091 0.000000e+00
205011092 0.000000e+00
205011093 0.000000e+00
205011094 0.000000e+00
205011095 0.000000e+00
208000000 0.000000e+00
208000001 0.000000e+00
208000002 0.000000e+00
208000003 0.000000e+00
208000004 0.000000e+00
208000005 0.000000e+00
208000006 0.000000e+00
208000007 0.000000e+00
208001008 0.000000e+00
208001009 0.000000e+00
208001010 0.000000e+00
208001011 0.000000e+00
208001012 0.000000e+00
208001013 0.000000e+00
208001014 0.000000e+00
208001015 0.000000e+00
208002016 0.000000e+00
208002017 0.000000e+00
208002018 0.000000e+00
208002019 0.000000e+00
208002020 0.000000e+00
208002021 0.000000e+00
208002022 0.000000e+00
208002023 0.000000e+00
208003024 0.000000e+00
208003025 0.000000e+00
208003026 0.000000e+00
208003027 0.000000e+00
208003028 0.000000e+00
208003029 0.000000e+00
208003030 0.000000e+00
208003031 0.000000e+00
208004032 0.000000e+00
208004033 0.000000e+00
208004034 0.000000e+00
208004035 0.000000e+00
208004036 0.000000e+00
208004037 0.000000e+00
208004038 0.000000e+00
208004039 0.000000e+00
208005040 0.000000e+00
208005041 0.000000e+00
208005042 0.000000e+00
208005043 0.000000e+00
208005044 0.000000e+00
208005045 0.000000e+00
208005046 0.000000e+00
208005047 0.000000e+00
208006048 0.000000e+00
208006049 0.000000e+00
208006050 0.000000e+00
208006051 0.000000e+00
208006052 0.000000e+00
208006053 0.000000e+00
208006054 0.000000e+00
208006055 0.000000e+00
208007056 0.000000e+00
208007057 0.000000e+00
208007058 0.000000e+00
208007059 0.000000e+00
208007060 0.000000e+00
208007061 0.000000e+00
208007062 0.000000e+00
208007063 0.000000e+00
208008064 0.000000e+00
208008065 0.000000e+00
208008066 0.000000e+00
208008067 0.000000e+00
208008068 0.000000e+00
208008069 0.000000e+00
208008070 0.000000e+00
208008071 0.000000e+00
208009072 0.000000e+00
208009073 0.000000e+00
208009074 0.000000e+00
208009075 0.000000e+00
208009076 0.000000e+00
208009077 0.000000e+00
208009078 0.000000e+00
208009079 0.000000e+00
208010080 0.000000e+00
208010081 0.000000e+00
208010082 0.000000e+00
208010083 0.000000e+00
208010084 0.000000e+00
208010085 0.000000e+00
208010086 0.000000e+00
208010087 0.000000e+00
208011088 0.000000e+00
208011089 0.000000e+00
208011090 0.000000e+00
208011091 0.000000e+00
208011092 0.000000e+00
208011093 0.000000e+00
208011094 0.000000e+00
208011095 0.000000e+00
306000000 0.000000e+00
306000001 0.000000e+00
306000002 0.000000e+00
306000003 0.000000e+00
306000004 0.000000e+00
306000005 0.000000e+00
306000006 0.000000e+00
306000007 0.000000e+00
306001008 0.000000e+00
306001009 0.000000e+00
306001010 0.000000e+00
306001011 0.000000e+00
306001012 0.000000e+00
306001013 0.000000e+00
306001014 0.000000e+00
306001015 0.000000e+00
306002016 0.000000e+00
306002017 0.000000e+00
306002018 0.000000e+00
306002019 0.000000e+00
306002020 0.000000e+00
306002021 0.000000e+00
306002022 0.000000e+00
306002023 0.000000e+00
306003024 0.000000e+00
306003025 0.000000e+00
306003026 0.000000e+00
306003027 0.000000e+00
306003028 0.000000e+00
306003029 0.000000e+00
306003030 0.000000e+00
306003031 0.000000e+00
306004032 0.000000e+00
306004033 0.000000e+00
306004034 0.000000e+00
306004035 0.000000e+00
306004036 0.000000e+00
306004037 0.000000e+00
306004038 0.000000e+00
306004039 0.000000e+00
306005040 0.000000e+00
306005041 0.000000e+00
306005042 0.000000e+00
306005043 0.000000e+00
306005044 0.000000e+00
306005045 0.000000e+00
306005046 0.000000e+00
306005047 0.000000e+00
306006048 0.000000e+00
306006049 0.000000e+00
306006050 0.000000e+00
306006051 0.000000e+00
306006052 0.000000e+00
306006053 0.000000e+00
306006054 0.000000e+00
306006055 0.000000e+00
306007056 0.000000e+00
306007057 0.000000e+00
306007058 0.000000e+00
306007059 0.000000e+00
306007060 0.000000e+00
306007061 0.000000e+00
306007062 0.000000e+00
306007063 0.000000e+00
306008064 0.000000e+00
306008065 0.000000e+00
306008066 0.000000e+00
306008067 0.000000e+00
306008068 0.000000e+00
306008069 0.000000e+00
306008070 0.000000e+00
306008071 0.000000e+00
306009072 0.000000e+00
306009073 0.000000e+00
306009074 0.000000e+00
306009075 0.000000e+00
306009076 0.000000e+00
306009077 0.000000e+00
306009078 0.000000e+00
306009079 0.000000e+00
306010080 0.000000e+00
306010081 0.000000e+00
306010082 0.000000e+00
306010083 0.000000e+00
306010084 0.000000e+00
306010085 0.000000e+00
306010086 0.000000e+00
306010087 0.000000e+00
306011088 0.000000e+00
306011089 0.000000e+00
306011090 0.000000e+00
306011091 0.000000e+00
306011092 0.000000e+00
306011093 0.000000e+00
306011094 0.000000e+00
306011095 0.000000e+00
307000000 0.000000e+00
307000001 0.000000e+00
307000002 0.000000e+00
307000003 0.000000e+00
307000004 0.000000e+00
307000005 0.000000e+00
307000006 0.000000e+00
307000007 0.000000e+00
307001008 0.000000e+00
307001009 0.000000e+00
307001010 0.000000e+00
307001011 0.000000e+00
307001012 0.000000e+00
307001013 0.000000e+00
307001014 0.000000e+00
307001015 0.000000e+00
307002016 0.000000e+00
307002017 0.000000e+00
307002018 0.000000e+00
307002019 0.000000e+00
307002020 0.000000e+00
307002021 0.000000e+00
307002022 0.000000e+00
307002023 0.000000e+00
307003024 0.000000e+00
307003025 0.000000e+00
307003026 0.000000e+00
307003027 0.000000e+00
307003028 0.000000e+00
307003029 0.000000e+00
307003030 0.000000e+00
307003031 0.000000e+00
307004032 0.000000e+00
307004033 0.000000e+00
307004034 0.000000e+00
307004035 0.000000e+00
307004036 0.000000e+00
307004037 0.000000e+00
307004038 0.000000e+00
307004039 0.000000e+00
307005040 0.000000e+00
307005041 0.000000e+00
307005042 0.000000e+00
307005043 0.000000e+00
307005044 0.000000e+00
307005045 0.000000e+00
307005046 0.000000e+00
307005047 0.000000e+00
307006048 0.000000e+00
307006049 0.000000e+00
307006050 0.000000e+00
307006051 0.000000e+00
307006052 0.000000e+00
307006053 0.000000e+00
307006054 0.000000e+00
307006055 0.000000e+00
307007056 0.000000e+00
307007057 0.000000e+00
307007058 0.000000e+00
307007059 0.000000e+00
307007060 0.000000e+00
307007061 0.000000e+00
307007062 0.000000e+00
307007063 0.000000e+00
307008064 0.000000e+00
307008065 0.000000e+00
307008066 0.000000e+00
307008067 0.000000e+00
307008068 0.000000e+00
307008069 0.000000e+00
307008070 0.000000e+00
307008071 0.000000e+00
307009072 0.000000e+00
307009073 0.000000e+00
307009074 0.000000e+00
307009075 0.000000e+00
307009076 0.000000e+00
307009077 0.000000e+00
307009078 0.000000e+00
307009079 0.000000e+00
307010080 0.000000e+00
307010081 0.000000e+00
307010082 0.000000e+00
307010083 0.000000e+00
307010084 0.000000e+00
307010085 0.000000e+00
307010086 0.000000e+00
307010087 0.000000e+00
307011088 0.000000e+00
307011089 0.000000e+00
307011090 0.000000e+00
307011091 0.000000e+00
307011092 0.000000e+00
307011093 0.000000e+00
307011094 0.000000e+00
307011095 0.000000e+00
406000000 0.000000e+00
406000001 0.000000e+00
406000002 0.000000e+00
406000003 0.000000e+00
406000004 0.000000e+00
406000005 0.000000e+00
406000006 0.000000e+00
406000007 0.000000e+00
406001008 0.000000e+00
406001009 0.000000e+00
406001010 0.000000e+00
406001011 0.000000e+00
406001012 0.000000e+00
406001013 0.000000e+00
406001014 0.000000e+00
406001015 0.000000e+00
406002016 0.000000e+00
406002017 0.000000e+00
406002018 0.000000e+00
406002019 0.000000e+00
406002020 0.000000e+00
406002021 0.000000e+00
406002022 0.000000e+00
406002023 0.000000e+00
406003024 0.000000e+00
406003025 0.000000e+00
406003026 0.000000e+00
406003027 0.000000e+00
406003028 0.000000e+00
406003029 0.000000e+00
406003030 0.000000e+00
406003031 0.000000e+00
406004032 0.000000e+00
406004033 0.000000e+00
406004034 0.000000e+00
406004035 0.000000e+00
406004036 0.000000e+00
406004037 0.000000e+00
406004038 0.000000e+00
406004039 0.000000e+00
406005040 0.000000e+00
406005041 0.000000e+00
406005042 0.000000e+00
406005043 0.000000e+00
406005044 0.000000e+00
406005045 0.000000e+00
406005046 0.000000e+00
406005047 0.000000e+00
406006048 0.000000e+00
406006049 0.000000e+00
406006050 0.000000e+00
406006051 0.000000e+00
406006052 0.000000e+00
406006053 0.000000e+00
406006054 0.000000e+00
406006055 0.000000e+00
406007056 0.000000e+00
406007057 0.000000e+00
406007058 0.000000e+00
406007059 0.000000e+00
406007060 0.000000e+00
406007061 0.000000e+00
406007062 0.000000e+00
406007063 0.000000e+00
406008064 0.000000e+00
406008065 0.000000e+00
406008066 0.000000e+00
406008067 0.000000e+00
406008068 0.000000e+00
406008069 0.000000e+00
406008070 0.000000e+00
406008071 0.000000e+00
406009072 0.000000e+00
406009073 0.000000e+00
406009074 0.000000e+00
406009075 0.000000e+00
406009076 0.000000e+00
406009077 0.000000e+00
406009078 0.000000e+00
406009079 0.000000e+00
406010080 0.000000e+00
406010081 0.000000e+00
406010082 0.000000e+00
406010083 0.000000e+00
406010084 0.000000e+00
406010085 0.000000e+00
406010086 0.000000e+00
406010087 0.000000e+00
406011088 0.000000e+00
406011089 0.000000e+00
406011090 0.000000e+00
406011091 0.000000e+00
406011092 0.000000e+00
406011093 0.000000e+00
406011094 0.000000e+00
406011095 0.000000e+00
503000000 0.000000e+00
503000001 0.000000e+00
503000002 0.000000e+00
503000003 0.000000e+00
503000004 0.000000e+00
503000005 0.000000e+00
503000006 0.000000e+00
503000007 0.000000e+00
503001008 0.000000e+00
503001009 0.000000e+00
503001010 0.000000e+00
503001011 0.000000e+00
503001012 0.000000e+00
503001013 0.000000e+00
503001014 0.000000e+00
503001015 0.000000e+00
503002016 0.000000e+00
503002017 0.000000e+00
503002018 0.000000e+00
503002019 0.000000e+00
503002020 0.000000e+00
503002021 0.000000e+00
503002022 0.000000e+00
503002023 0.000000e+00
503003024 0.000000e+00
503003025 0.000000e+00
503003026 0.000000e+00
503003027 0.000000e+00
503003028 0.000000e+00
503003029 0.000000e+00
503003030 0.000000e+00
503003031 0.000000e+00
503004032 0.000000e+00
503004033 0.000000e+00
503004034 0.000000e+00
503004035 0.000000e+00
503004036 0.000000e+00
503004037 0.000000e+00
503004038 0.000000e+00
503004039 0.000000e+00
503005040 0.000000e+00
503005041 0.000000e+00
503005042 0.000000e+00
503005043 0.000000e+00
503005044 0.000000e+00
503005045 0.000000e+00
503005046 0.000000e+00
503005047 0.000000e+00
503006048 0.000000e+00
503006049 0.000000e+00
503006050 0.000000e+00
503006051 0.000000e+00
503006052 0.000000e+00
503006053 0.000000e+00
503006054 0.000000e+00
503006055 0.000000e+00
503007056 0.000000e+00
503007057 0.000000e+00
503007058 0.000000e+00
503007059 0.000000e+00
503007060 0.000000e+00
503007061 0.000000e+00
503007062 0.000000e+00
503007063 0.000000e+00
503008064 0.000000e+00
503008065 0.000000e+00
503008066 0.000000e+00
503008067 0.000000e+00
503008068 0.000000e+00
503008069 0.000000e+00
503008070 0.000000e+00
503008071 0.000000e+00
503009072 0.000000e+00
503009073 0.000000e+00
503009074 0.000000e+00
503009075 0.000000e+00
503009076 0.000000e+00
503009077 0.000000e+00
503009078 0.000000e+00
503009079 0.000000e+00
503010080 0.000000e+00
503010081 0.000000e+00
503010082 0.000000e+00
503010083 0.000000e+00
503010084 0.000000e+00
503010085 0.000000e+00
503010086 0.000000e+00
503010087 0.000000e+00
503011088 0.000000e+00
503011089 0.000000e+00
503011090 0.000000e+00
503011091 0.000000e+00
503011092 0.000000e+00
503011093 0.000000e+00
503011094 0.000000e+00
503011095 0.000000e+00
509000000 0.000000e+00
509000001 0.000000e+00
509000002 0.000000e+00
509000003 0.000000e+00
509000004 0.000000e+00
509000005 0.000000e+00
509000006 0.000000e+00
509000007 0.000000e+00
509001008 0.000000e+00
509001009 0.000000e+00
509001010 0.000000e+00
509001011 0.000000e+00
509001012 0.000000e+00
509001013 0.000000e+00
509001014 0.000000e+00
509001015 0.000000e+00
509002016 0.000000e+00
509002017 0.000000e+00
509002018 0.000000e+00
509002019 0.000000e+00
509002020 0.000000e+00
509002021 0.000000e+00
509002022 0.000000e+00
509002023 0.000000e+00
509003024 0.000000e+00
509003025 0.000000e+00
509003026 0.000000e+00
509003027 0.000000e+00
509003028 0.000000e+00
509003029 0.000000e+00
509003030 0.000000e+00
509003031 0.000000e+00
509004032 0.000000e+00
509004033 0.000000e+00
509004034 0.000000e+00
509004035 0.000000e+00
509004036 0.000000e+00
509004037 0.000000e+00
509004038 0.000000e+00
509004039 0.000000e+00
509005040 0.000000e+00
509005041 0.000000e+00
509005042 0.000000e+00
509005043 0.000000e+00
509005044 0.000000e+00
509005045 0.000000e+00
509005046 0.000000e+00
509005047 0.000000e+00
509006048 0.000000e+00
509006049 0.000000e+00
509006050 0.000000e+00
509006051 0.000000e+00
509006052 0.000000e+00
509006053 0.000000e+00
509006054 0.000000e+00
509006055 0.000000e+00
509007056 0.000000e+00
509007057 0.000000e+00
509007058 0.000000e+00
509007059 0.000000e+00
509007060 0.000000e+00
509007061 0.000000e+00
509007062 0.000000e+00
509007063 0.000000e+00
509008064 0.000000e+00
509008065 0.000000e+00
509008066 0.000000e+00
509008067 0.000000e+00
509008068 0.000000e+00
509008069 0.000000e+00
509008070 0.000000e+00
509008071 0.000000e+00
509009072 0.000000e+00
509009073 0.000000e+00
509009074 0.000000e+00
509009075 0.000000e+00
509009076 0.000000e+00
509009077 0.000000e+00
509009078 0.000000e+00
509009079 0.000000e+00
509010080 0.000000e+00
509010081 0.000000e+00
509010082 0.000000e+00
509010083 0.000000e+00
509010084 0.000000e+00
509010085 0.000000e+00
509010086 0.000000e+00
509010087 0.000000e+00
509011088 0.000000e+00
509011089 0.000000e+00
509011090 0.000000e+00
509011091 0.000000e+00
509011092 0.000000e+00
509011093 0.000000e+00
509011094 0.000000e+00
509011095 0.000000e+00
