001000000 2.759089e-27
001000001 -6.320833e-27
001000002 6.016437e-10
001000003 -5.388483e-10
001000004 2.919196e-10
001000005 -1.535807e-11
001000006 -3.231554e-09
001000007 -2.000533e-09
001001008 -2.634412e-09
001001009 -3.748414e-09
001001010 -1.659016e-10
001001011 -2.312872e-10
001001012 -5.020982e-10
001001013 -5.388511e-10
001001014 1.621734e-10
001001015 -2.074519e-10
001002016 -8.921481e-10
001002017 -7.654693e-10
001002018 -1.034747e-09
001002019 -7.286365e-10
001002020 -1.045399e-09
001002021 -1.203664e-09
001002022 -8.062136e-10
001002023 -1.074291e-09
001003024 6.448741e-10
001003025 2.313428e-10
001003026 3.644238e-10
001003027 1.889587e-10
001003028 1.877280e-10
001003029 1.553129e-10
001003030 -2.919951e-09
001003031 -3.234892e-09
001004032 -2.161680e-09
001004033 -2.417107e-09
001004034 -2.621122e-09
001004035 -2.296147e-09
001004036 1.704126e-10
001004037 3.254268e-10
001004038 3.749550e-10
001004039 4.388277e-11
001005040 4.947854e-10
001005041 1.785939e-10
001005042 -9.254637e-10
001005043 -9.835390e-10
001005044 -2.024084e-10
001005045 -7.211400e-10
001005046 -3.340903e-10
001005047 -5.357716e-11
001006048 -6.776594e-10
001006049 -1.031008e-09
001006050 -5.687590e-10
001006051 -3.920250e-10
001006052 6.507208e-10
001006053 7.380577e-10
001006054 6.199962e-10
001006055 6.420160e-10
001007056 -2.222288e-09
001007057 -3.247924e-09
001007058 -2.529095e-09
001007059 -2.611654e-09
001007060 -2.209948e-09
001007061 -2.354288e-09
001007062 -2.170198e-09
001007063 -1.952223e-09
001008064 1.870890e-10
001008065 -4.061171e-11
001008066 4.998116e-11
001008067 -1.554356e-10
001008068 -1.141667e-09
001008069 -7.740372e-10
001008070 0.000000e+00
001008071 0.000000e+00
001009072 -8.188762e-10
001009073 -9.597133e-10
001009074 -7.974409e-10
001009075 -1.188205e-09
001009076 -7.522648e-10
001009077 -1.060343e-09
001009078 -9.870880e-10
001009079 -1.108579e-09
001010080 0.000000e+00
001010081 0.000000e+00
001010082 6.777178e-10
001010083 9.288978e-10
001010084 -2.611758e-09
001010085 -2.657642e-09
001010086 -2.475032e-09
001010087 -2.194213e-09
001011088 4.595815e-10
001011089 2.815201e-10
001011090 2.173529e-10
001011091 4.006754e-11
001011092 -7.909250e-10
001011093 -8.146741e-10
001011094 -1.151503e-09
001011095 -6.968937e-10
002000000 -1.926197e-26
002000001 2.727426e-26
002000002 1.059545e-10
002000003 -1.583873e-10
002000004 5.137541e-09
002000005 6.136772e-09
002000006 1.111322e-08
002000007 1.083518e-08
002001008 5.405633e-09
002001009 5.414878e-09
002001010 5.521152e-09
002001011 5.348435e-09
002001012 5.327995e-09
002001013 5.034222e-09
002001014 5.085293e-09
002001015 5.814063e-09
002002016 -5.800949e-11
002002017 9.693926e-10
002002018 6.753661e-09
002002019 6.013797e-09
002002020 3.444686e-09
002002021 3.870420e-09
002002022 3.959176e-09
002002023 3.745091e-09
002003024 6.864784e-09
002003025 6.524155e-09
002003026 6.611195e-09
002003027 0.000000e+00
002003028 6.584892e-09
002003029 0.000000e+00
002003030 5.376130e-09
002003031 5.430603e-09
002004032 5.399410e-09
002004033 5.785206e-09
002004034 5.624390e-09
002004035 5.798487e-09
002004036 5.182633e-09
002004037 5.484077e-09
002004038 5.443212e-09
002004039 5.772359e-09
002005040 5.314009e-09
002005041 5.175442e-09
002005042 6.812740e-09
002005043 7.395255e-09
002005044 7.065940e-09
002005045 7.267162e-09
002005046 3.528640e-09
002005047 4.066026e-09
002006048 3.768153e-09
002006049 3.836433e-09
002006050 3.988664e-09
002006051 3.984774e-09
002006052 7.919758e-10
002006053 6.343659e-10
002006054 -7.446427e-11
002006055 6.064264e-09
002007056 5.660731e-09
002007057 5.889095e-09
002007058 5.577645e-09
002007059 5.287171e-09
002007060 5.741054e-09
002007061 5.677682e-09
002007062 5.659493e-09
002007063 5.596925e-09
002008064 5.611217e-09
002008065 5.754720e-09
002008066 5.930653e-09
002008067 5.366384e-09
002008068 7.000088e-09
002008069 6.813117e-09
002008070 7.677669e-09
002008071 6.982015e-09
002009072 7.050965e-09
002009073 6.812866e-09
002009074 4.273740e-09
002009075 4.167905e-09
002009076 4.084992e-09
002009077 4.053184e-09
002009078 4.271001e-09
002009079 4.252809e-09
002010080 -1.123575e-10
002010081 7.503895e-09
002010082 6.262507e-11
002010083 6.577739e-09
002010084 5.375594e-09
002010085 5.829067e-09
002010086 5.522693e-09
002010087 5.357915e-09
002011088 5.351874e-09
002011089 5.720205e-09
002011090 5.619839e-09
002011091 5.609773e-09
002011092 5.615426e-09
002011093 5.654233e-09
002011094 3.739362e-09
002011095 4.074979e-09
003000000 -3.010601e-26
003000001 -1.529450e-26
003000002 -2.240141e-10
003000003 -5.369268e-11
003000004 6.005048e-09
003000005 5.796383e-09
003000006 -2.490923e-10
003000007 1.089213e-09
003001008 4.921768e-09
003001009 6.059070e-09
003001010 5.727078e-09
003001011 6.254345e-09
003001012 5.769488e-09
003001013 6.542026e-09
003001014 -1.563014e-10
003001015 3.525107e-11
003002016 -2.106432e-10
003002017 3.654527e-10
003002018 0.000000e+00
003002019 0.000000e+00
003002020 4.257844e-09
003002021 4.979914e-09
003002022 4.078508e-09
003002023 4.558437e-09
003003024 -5.614553e-10
003003025 3.390495e-10
003003026 1.161393e-09
003003027 1.161006e-09
003003028 4.907241e-10
003003029 5.740948e-10
003003030 6.501569e-09
003003031 5.698063e-09
003004032 5.785869e-09
003004033 6.467281e-09
003004034 6.301676e-09
003004035 6.407718e-09
003004036 6.761137e-09
003004037 6.091444e-09
003004038 6.800520e-09
003004039 6.010148e-09
003005040 -1.708460e-10
003005041 -5.377542e-11
003005042 7.389624e-11
003005043 3.457224e-10
003005044 4.621519e-09
003005045 5.282189e-09
003005046 4.535134e-09
003005047 5.069760e-09
003006048 4.347114e-09
003006049 5.013011e-09
003006050 5.015889e-10
003006051 1.297267e-09
003006052 1.020936e-09
003006053 1.763042e-09
003006054 8.723126e-10
003006055 8.952375e-10
003007056 6.623817e-09
003007057 6.375191e-09
003007058 5.749133e-09
003007059 6.939781e-09
003007060 6.371941e-09
003007061 6.069128e-09
003007062 6.037545e-09
003007063 5.531368e-09
003008064 5.025972e-09
003008065 5.245268e-09
003008066 5.222031e-09
003008067 4.971027e-09
003008068 4.313335e-09
003008069 4.404869e-09
003008070 4.119546e-09
003008071 4.416491e-09
003009072 -6.507661e-10
003009073 -2.384294e-10
003009074 3.592208e-09
003009075 4.424948e-09
003009076 8.475270e-09
003009077 9.180272e-09
003009078 9.059892e-09
003009079 9.313155e-09
003010080 6.680884e-10
003010081 3.688326e-11
003010082 5.229706e-09
003010083 5.581310e-09
003010084 1.046646e-08
003010085 1.060856e-08
003010086 1.016616e-08
003010087 1.001412e-08
003011088 5.456972e-09
003011089 5.479675e-09
003011090 5.320577e-09
003011091 5.319296e-09
003011092 1.009342e-08
003011093 1.076999e-08
003011094 8.365005e-09
003011095 9.293475e-09
004000000 1.477214e-26
004000001 -7.791517e-28
004000002 2.377474e-10
004000003 -7.316195e-10
004000004 -5.214630e-11
004000005 3.546761e-10
004000006 -1.353663e-09
004000007 -1.692380e-09
004001008 -1.187958e-09
004001009 -1.868292e-09
004001010 -1.796150e-09
004001011 -1.917579e-09
004001012 -1.408118e-10
004001013 -1.042346e-09
004001014 4.723191e-09
004001015 4.063775e-09
004002016 -1.008848e-09
004002017 -8.194984e-10
004002018 -2.891068e-09
004002019 -3.490899e-09
004002020 -3.304697e-09
004002021 -3.198520e-09
004002022 1.988159e-09
004002023 1.160724e-09
004003024 -5.803965e-09
004003025 -1.745458e-09
004003026 -1.065549e-09
004003027 -6.688953e-10
004003028 -3.529122e-10
004003029 -7.824738e-10
004003030 -1.603208e-09
004003031 -1.375532e-09
004004032 -1.857371e-09
004004033 -1.470086e-09
004004034 -1.439484e-09
004004035 -2.121091e-09
004004036 -2.117809e-09
004004037 -1.459106e-09
004004038 3.501909e-09
004004039 3.148853e-09
004005040 7.503373e-10
004005041 -4.635562e-10
004005042 -3.321518e-10
004005043 3.507732e-10
004005044 1.868800e-09
004005045 1.652721e-09
004005046 1.963893e-09
004005047 1.495697e-09
004006048 -2.633930e-09
004006049 -3.714747e-09
004006050 -6.791587e-09
004006051 -5.704832e-10
004006052 6.577074e-11
004006053 -3.380044e-10
004006054 4.638592e-09
004006055 5.055748e-09
004007056 -1.421682e-09
004007057 -2.533898e-09
004007058 -1.914758e-09
004007059 -1.974960e-09
004007060 -1.041780e-09
004007061 -1.646383e-09
004007062 3.532327e-09
004007063 2.901794e-09
004008064 -1.620135e-09
004008065 -1.807681e-09
004008066 -1.559094e-09
004008067 -1.289081e-09
004008068 -5.019313e-10
004008069 -8.442742e-10
004008070 -6.997902e-12
004008071 -4.289322e-10
004009072 -1.233553e-10
004009073 -2.016925e-10
004009074 -3.250995e-09
004009075 -3.222320e-09
004009076 -3.037968e-09
004009077 -2.752492e-09
004009078 -2.720447e-09
004009079 -3.543684e-09
004010080 -6.254131e-09
004010081 4.840841e-10
004010082 1.897598e-10
004010083 6.772561e-10
004010084 -1.445942e-09
004010085 -1.312730e-09
004010086 -1.351937e-09
004010087 -1.512202e-09
004011088 -1.431460e-09
004011089 -1.384998e-09
004011090 -2.049966e-09
004011091 -5.257305e-10
004011092 -1.795904e-10
004011093 1.532665e-10
004011094 -3.163153e-09
004011095 -2.811689e-09
005000000 -2.327590e-26
005000001 -1.792375e-26
005000002 -6.907798e-11
005000003 -8.446889e-10
005000004 -1.925334e-10
005000005 1.012220e-11
005000006 -3.110857e-09
005000007 -3.470550e-09
005001008 4.381139e-10
005001009 1.006415e-10
005001010 2.751326e-10
005001011 -3.832697e-10
005001012 2.198043e-10
005001013 5.039405e-10
005001014 5.419026e-09
005001015 5.679131e-09
005002016 -7.683185e-10
005002017 -8.891228e-10
005002018 -1.371378e-09
005002019 -1.630120e-09
005002020 3.817403e-09
005002021 3.338610e-09
005002022 3.673075e-09
005002023 3.299937e-09
005003024 -2.958155e-10
005003025 7.889255e-11
005003026 -4.043558e-10
005003027 -9.193505e-10
005003028 2.965482e-11
005003029 -1.123774e-10
005003030 1.708097e-09
005003031 1.854928e-09
005004032 -2.720680e-09
005004033 -2.773937e-09
005004034 -2.879388e-09
005004035 -2.769432e-09
005004036 2.073527e-10
005004037 5.131623e-10
005004038 4.018058e-11
005004039 -9.352726e-10
005005040 3.032421e-11
005005041 1.082508e-09
005005042 -1.352409e-09
005005043 -9.477193e-10
005005044 -1.155079e-09
005005045 -1.103562e-09
005005046 3.403101e-09
005005047 3.753930e-09
005006048 -1.656566e-09
005006049 -1.528654e-09
005006050 -1.633062e-09
005006051 -1.500039e-09
005006052 5.510576e-09
005006053 3.599634e-09
005006054 5.400327e-09
005006055 4.959390e-09
005007056 -3.006133e-09
005007057 -2.835847e-09
005007058 -2.902988e-09
005007059 -3.080427e-09
005007060 -2.959144e-09
005007061 -3.269709e-09
005007062 -2.438610e-09
005007063 -2.772312e-09
005008064 -4.902744e-10
005008065 -6.821007e-11
005008066 -6.575531e-10
005008067 -1.144467e-09
005008068 -1.548572e-09
005008069 -1.693742e-09
005008070 -1.099279e-09
005008071 -8.591453e-10
005009072 -1.442071e-09
005009073 -1.002665e-09
005009074 -1.819198e-09
005009075 -1.583277e-09
005009076 -1.449204e-09
005009077 -2.032718e-09
005009078 3.824974e-09
005009079 3.599328e-09
005010080 -1.075434e-09
005010081 -1.878137e-09
005010082 -3.384749e-10
005010083 -1.942865e-10
005010084 -3.114155e-09
005010085 -3.147464e-09
005010086 -2.612893e-09
005010087 -3.269672e-09
005011088 3.348886e-10
005011089 -5.076469e-10
005011090 -1.610074e-09
005011091 -1.621565e-09
005011092 -1.510120e-09
005011093 -1.804629e-09
005011094 3.620299e-09
005011095 3.427807e-09
006000000 -7.273692e-26
006000001 1.652926e-26
006000002 -1.717739e-10
006000003 -2.773713e-10
006000004 1.578264e-09
006000005 1.337133e-09
006000006 1.962586e-09
006000007 8.913503e-10
006001008 -1.431434e-09
006001009 -1.782137e-09
006001010 -1.501158e-09
006001011 -1.544024e-09
006001012 6.791541e-09
006001013 6.737341e-09
006001014 6.251476e-09
006001015 5.897128e-09
006002016 1.568768e-09
006002017 1.429106e-09
006002018 3.406241e-10
006002019 4.881849e-10
006002020 -7.611232e-12
006002021 7.327779e-10
006002022 5.120003e-09
006002023 4.843557e-09
006003024 3.024483e-10
006003025 -2.214015e-10
006003026 2.062886e-10
006003027 -1.480867e-10
006003028 -4.360535e-10
006003029 -1.378080e-10
006003030 6.705735e-09
006003031 6.687241e-09
006004032 1.427501e-09
006004033 1.427078e-09
006004034 -1.331437e-09
006004035 -1.195195e-09
006004036 -1.178418e-09
006004037 -1.149448e-09
006004038 -1.670939e-09
006004039 -1.372130e-09
006005040 1.881651e-09
006005041 2.023746e-09
006005042 1.478069e-09
006005043 1.540961e-09
006005044 1.540344e-09
006005045 2.112086e-09
006005046 -6.465728e-11
006005047 -2.894573e-11
006006048 3.009743e-10
006006049 9.550242e-10
006006050 1.793019e-10
006006051 1.612589e-10
006006052 3.109264e-10
006006053 3.192520e-10
006006054 -2.689533e-10
006006055 -2.135606e-11
006007056 1.897672e-09
006007057 1.711341e-09
006007058 2.324820e-09
006007059 1.130952e-09
006007060 -1.096776e-09
006007061 -1.107199e-09
006007062 -1.550819e-09
006007063 -1.002147e-09
006008064 -1.296027e-09
006008065 -1.454340e-09
006008066 -1.039253e-09
006008067 -1.146651e-09
006008068 -4.970536e-09
006008069 1.442375e-09
006008070 1.520046e-09
006008071 1.055432e-09
006009072 1.649680e-09
006009073 7.152178e-10
006009074 5.251998e-10
006009075 2.168926e-10
006009076 -3.433037e-10
006009077 1.769434e-10
006009078 1.665535e-10
006009079 7.355347e-11
006010080 5.323451e-10
006010081 9.309714e-10
006010082 5.323319e-10
006010083 4.492983e-11
006010084 1.985486e-10
006010085 2.560888e-10
006010086 2.299567e-09
006010087 1.527491e-09
006011088 -9.521399e-10
006011089 -1.384873e-09
006011090 -1.185688e-09
006011091 -1.210762e-09
006011092 1.368253e-09
006011093 1.388004e-09
006011094 4.871037e-09
006011095 5.907358e-09
007000000 4.027131e-27
007000001 4.773771e-27
007000002 -1.717529e-10
007000003 3.526221e-10
007000004 4.525103e-09
007000005 5.126159e-09
007000006 9.507124e-09
007000007 9.844393e-09
007001008 4.806756e-09
007001009 4.928134e-09
007001010 4.584251e-09
007001011 4.746970e-09
007001012 1.247550e-08
007001013 1.298557e-08
007001014 1.209620e-08
007001015 1.284206e-08
007002016 5.802278e-09
007002017 5.689718e-09
007002018 5.712347e-09
007002019 5.895623e-09
007002020 1.042523e-08
007002021 1.098876e-08
007002022 1.109465e-08
007002023 1.160330e-08
007003024 -2.327705e-10
007003025 2.509048e-10
007003026 -5.724197e-10
007003027 4.963084e-11
007003028 5.132831e-09
007003029 4.645119e-09
007003030 4.411749e-09
007003031 5.407397e-09
007004032 4.284592e-09
007004033 4.737249e-09
007004034 4.473498e-09
007004035 4.422937e-09
007004036 9.282398e-09
007004037 9.333317e-09
007004038 1.216309e-08
007004039 0.000000e+00
007005040 7.640067e-09
007005041 7.482423e-09
007005042 -5.113795e-06
007005043 7.500991e-09
007005044 1.085717e-08
007005045 1.021640e-08
007005046 1.034849e-08
007005047 1.017076e-08
007006048 6.256612e-09
007006049 6.112046e-09
007006050 -1.646874e-10
007006051 7.219258e-11
007006052 4.715863e-09
007006053 5.116961e-09
007006054 4.908657e-09
007006055 5.002520e-09
007007056 -4.038491e-10
007007057 -1.742299e-11
007007058 4.321592e-09
007007059 4.368075e-09
007007060 9.569953e-09
007007061 9.476707e-09
007007062 9.315033e-09
007007063 9.597349e-09
007008064 -5.562439e-11
007008065 -4.346883e-10
007008066 -2.990072e-10
007008067 -3.466907e-10
007008068 1.147327e-08
007008069 4.844240e-09
007008070 1.045562e-08
007008071 1.070036e-08
007009072 5.516036e-09
007009073 5.786503e-09
007009074 4.945668e-09
007009075 5.647843e-09
007009076 1.043749e-08
007009077 1.091815e-08
007009078 1.016478e-08
007009079 1.015051e-08
007010080 5.764676e-09
007010081 6.408952e-09
007010082 4.501214e-09
007010083 4.890732e-09
007010084 4.820120e-09
007010085 4.562976e-09
007010086 9.058638e-09
007010087 9.254109e-09
007011088 -1.949842e-10
007011089 -2.072793e-10
007011090 -4.933725e-10
007011091 7.399434e-09
007011092 1.163356e-08
007011093 4.767516e-09
007011094 1.038160e-08
007011095 1.082262e-08
011000000 -4.169414e-27
011000001 1.062388e-27
011000002 -7.382262e-10
011000003 -6.515681e-10
011000004 -3.091433e-10
011000005 -4.197364e-10
011000006 -1.778900e-09
011000007 -2.254164e-09
011001008 -1.185860e-09
011001009 -2.186123e-09
011001010 -1.287694e-09
011001011 -1.507325e-09
011001012 -3.294732e-10
011001013 -9.480551e-10
011001014 -5.471146e-10
011001015 -1.015992e-10
011002016 2.594406e-10
011002017 -4.643158e-10
011002018 -2.918156e-09
011002019 -3.495772e-09
011002020 -3.490515e-09
011002021 -3.625027e-09
011002022 -3.424912e-09
011002023 -3.882878e-09
011003024 -3.435294e-11
011003025 -6.258185e-10
011003026 -4.147530e-11
011003027 -1.634965e-10
011003028 2.650212e-10
011003029 -6.118213e-10
011003030 5.753770e-10
011003031 -9.786953e-11
011004032 -1.675739e-09
011004033 -1.831215e-09
011004034 -7.995354e-10
011004035 -1.742721e-09
011004036 -9.655519e-10
011004037 -1.887167e-09
011004038 -1.280980e-09
011004039 -1.434976e-09
011005040 -9.250270e-11
011005041 -1.082979e-09
011005042 -2.179647e-10
011005043 -3.701507e-11
011005044 -3.013867e-09
011005045 -3.717219e-09
011005046 -3.333785e-09
011005047 -3.430968e-09
011006048 -3.154040e-09
011006049 -3.374942e-09
011006050 -3.322742e-09
011006051 -3.126646e-09
011006052 -6.980050e-11
011006053 -9.631355e-10
011006054 1.749070e-10
011006055 -2.756429e-10
011007056 -8.551740e-10
011007057 -1.341927e-09
011007058 -1.404029e-09
011007059 -2.056699e-09
011007060 -5.862431e-10
011007061 -1.756999e-09
011007062 -1.287735e-09
011007063 -1.709586e-09
011008064 -2.025148e-09
011008065 -2.357463e-09
011008066 -1.946643e-09
011008067 -2.193199e-09
011008068 -6.796267e-10
011008069 -9.023936e-10
011008070 2.978034e-10
011008071 -6.370006e-10
011009072 0.000000e+00
011009073 0.000000e+00
011009074 -3.232705e-09
011009075 -3.659326e-09
011009076 -3.273777e-09
011009077 -3.726785e-09
011009078 -3.171969e-09
011009079 -3.631659e-09
011010080 -7.378910e-10
011010081 -8.532493e-10
011010082 -7.568186e-10
011010083 -4.924382e-10
011010084 -1.192571e-09
011010085 -2.271640e-09
011010086 -1.424479e-09
011010087 -2.493219e-09
011011088 -8.073583e-10
011011089 -1.659134e-09
011011090 -1.573973e-09
011011091 -1.596930e-09
011011092 3.221285e-12
011011093 -8.195974e-11
011011094 -3.377562e-09
011011095 -4.063621e-09
013000000 0.000000e+00
013000001 0.000000e+00
013000002 0.000000e+00
013000003 0.000000e+00
013000004 0.000000e+00
013000005 0.000000e+00
013000006 0.000000e+00
013000007 0.000000e+00
013001008 0.000000e+00
013001009 0.000000e+00
013001010 0.000000e+00
013001011 0.000000e+00
013001012 0.000000e+00
013001013 0.000000e+00
013001014 0.000000e+00
013001015 0.000000e+00
013002016 0.000000e+00
013002017 0.000000e+00
013002018 0.000000e+00
013002019 0.000000e+00
013002020 0.000000e+00
013002021 0.000000e+00
013002022 0.000000e+00
013002023 0.000000e+00
013003024 0.000000e+00
013003025 0.000000e+00
013003026 0.000000e+00
013003027 0.000000e+00
013003028 0.000000e+00
013003029 0.000000e+00
013003030 0.000000e+00
013003031 0.000000e+00
013004032 0.000000e+00
013004033 0.000000e+00
013004034 0.000000e+00
013004035 0.000000e+00
013004036 0.000000e+00
013004037 0.000000e+00
013004038 0.000000e+00
013004039 0.000000e+00
013005040 0.000000e+00
013005041 0.000000e+00
013005042 0.000000e+00
013005043 0.000000e+00
013005044 0.000000e+00
013005045 0.000000e+00
013005046 0.000000e+00
013005047 0.000000e+00
013006048 0.000000e+00
013006049 0.000000e+00
013006050 0.000000e+00
013006051 0.000000e+00
013006052 0.000000e+00
013006053 0.000000e+00
013006054 0.000000e+00
013006055 0.000000e+00
013007056 0.000000e+00
013007057 0.000000e+00
013007058 0.000000e+00
013007059 0.000000e+00
013007060 0.000000e+00
013007061 0.000000e+00
013007062 0.000000e+00
013007063 0.000000e+00
013008064 0.000000e+00
013008065 0.000000e+00
013008066 0.000000e+00
013008067 0.000000e+00
013008068 0.000000e+00
013008069 0.000000e+00
013008070 0.000000e+00
013008071 0.000000e+00
013009072 0.000000e+00
013009073 0.000000e+00
013009074 0.000000e+00
013009075 0.000000e+00
013009076 0.000000e+00
013009077 0.000000e+00
013009078 0.000000e+00
013009079 0.000000e+00
013010080 0.000000e+00
013010081 0.000000e+00
013010082 0.000000e+00
013010083 0.000000e+00
013010084 0.000000e+00
013010085 0.000000e+00
013010086 0.000000e+00
013010087 0.000000e+00
013011088 0.000000e+00
013011089 0.000000e+00
013011090 0.000000e+00
013011091 0.000000e+00
013011092 0.000000e+00
013011093 0.000000e+00
013011094 0.000000e+00
013011095 0.000000e+00
017000000 7.200722e-28
017000001 -9.699368e-27
017000002 6.543237e-10
017000003 1.897054e-10
017000004 -7.874211e-10
017000005 8.712035e-10
017000006 -3.334938e-09
017000007 -2.660837e-09
017001008 -3.058867e-09
017001009 -2.507705e-09
017001010 -5.059737e-11
017001011 5.630490e-10
017001012 2.279961e-10
017001013 1.043024e-09
017001014 8.369647e-12
017001015 8.062504e-10
017002016 -1.466554e-09
017002017 -5.492351e-10
017002018 -1.467476e-09
017002019 -6.799850e-10
017002020 -1.497487e-09
017002021 -5.763409e-10
017002022 -1.708648e-09
017002023 -1.157206e-10
017003024 -2.358701e-10
017003025 -1.070485e-10
017003026 6.779596e-10
017003027 1.982317e-10
017003028 -1.014936e-10
017003029 1.365948e-09
017003030 -7.713343e-10
017003031 1.046623e-09
017004032 -3.440626e-09
017004033 -2.585135e-09
017004034 -3.423635e-09
017004035 -2.436811e-09
017004036 -2.886105e-09
017004037 -3.180087e-09
017004038 4.081998e-11
017004039 9.164176e-10
017005040 -9.312592e-11
017005041 3.291715e-10
017005042 -1.396678e-09
017005043 -7.104181e-10
017005044 -1.483077e-09
017005045 -7.938454e-10
017005046 -1.590562e-09
017005047 -8.267423e-10
017006048 -1.031228e-09
017006049 -2.652130e-10
017006050 -1.177489e-09
017006051 -8.636940e-10
017006052 3.993508e-12
017006053 -6.696765e-11
017006054 -4.376732e-10
017006055 6.595363e-11
017007056 2.335023e-12
017007057 9.641704e-10
017007058 -2.954640e-09
017007059 -3.145132e-09
017007060 -3.269832e-09
017007061 -2.809977e-09
017007062 -3.219170e-09
017007063 -2.879743e-09
017008064 -3.442894e-09
017008065 -2.909444e-09
017008066 -1.035946e-09
017008067 -8.500394e-11
017008068 -4.311798e-10
017008069 -7.230178e-11
017008070 -1.484752e-09
017008071 -1.344209e-09
017009072 -1.088240e-09
017009073 -1.074543e-09
017009074 -1.735252e-09
017009075 -1.106563e-09
017009076 -1.863073e-09
017009077 -9.348498e-10
017009078 -1.540811e-09
017009079 -1.646022e-09
017010080 -1.444196e-09
017010081 -1.341463e-09
017010082 -1.477725e-09
017010083 -1.378724e-09
017010084 -1.534888e-10
017010085 -1.038308e-10
017010086 -3.579552e-09
017010087 -3.683535e-09
017011088 -3.139853e-09
017011089 -3.746103e-09
017011090 -6.882677e-10
017011091 -1.474832e-10
017011092 -5.244074e-10
017011093 4.978987e-10
017011094 -1.968017e-09
017011095 -9.808208e-10
021000000 1.530437e-26
021000001 3.433709e-27
021000002 -2.038697e-10
021000003 6.635166e-11
021000004 -5.927612e-10
021000005 5.587717e-10
021000006 -3.705666e-09
021000007 0.000000e+00
021001008 -3.603380e-09
021001009 -2.564797e-09
021001010 3.002659e-10
021001011 1.899438e-10
021001012 -2.557241e-10
021001013 -2.920946e-11
021001014 -1.823929e-09
021001015 -1.467093e-10
021002016 -1.755522e-09
021002017 -1.361437e-09
021002018 -1.610740e-09
021002019 -6.442472e-10
021002020 -2.097723e-09
021002021 7.085311e-10
021002022 -1.308216e-09
021002023 -1.199088e-09
021003024 -1.389179e-10
021003025 5.706948e-10
021003026 -4.493539e-11
021003027 1.617113e-10
021003028 -1.118257e-09
021003029 1.038195e-09
021003030 -3.531178e-09
021003031 -3.023865e-09
021004032 -3.554579e-09
021004033 -2.668722e-09
021004034 0.000000e+00
021004035 -2.482839e-09
021004036 1.230375e-10
021004037 6.503533e-10
021004038 0.000000e+00
021004039 -5.835384e-10
021005040 -1.591929e-09
021005041 -8.545134e-10
021005042 -2.344143e-09
021005043 -3.656791e-10
021005044 -1.703179e-09
021005045 -1.005318e-09
021005046 -1.884285e-09
021005047 -9.625234e-10
021006048 -2.069981e-09
021006049 -1.062686e-09
021006050 -2.097806e-09
021006051 -8.615794e-10
021006052 -4.598343e-11
021006053 4.845904e-10
021006054 -1.277070e-10
021006055 9.305540e-10
021007056 -3.433479e-09
021007057 -2.722855e-09
021007058 -3.466512e-09
021007059 -2.979375e-09
021007060 -3.705592e-09
021007061 -2.558364e-09
021007062 -2.339535e-10
021007063 5.947281e-10
021008064 -1.089467e-10
021008065 2.929903e-10
021008066 -1.663732e-09
021008067 -4.357110e-10
021008068 -1.627364e-09
021008069 -1.184971e-09
021008070 -1.993327e-09
021008071 -1.160257e-09
021009072 -2.284031e-09
021009073 -1.066151e-09
021009074 -1.882661e-09
021009075 -1.247440e-09
021009076 -2.092510e-09
021009077 -1.353592e-09
021009078 -1.893671e-10
021009079 -1.028992e-09
021010080 -1.453864e-09
021010081 -9.602409e-10
021010082 -5.636900e-10
021010083 1.395068e-10
021010084 -3.607672e-09
021010085 -2.774819e-09
021010086 -3.524036e-09
021010087 -3.162022e-09
021011088 -3.630693e-10
021011089 8.703399e-10
021011090 -2.085629e-09
021011091 -1.141672e-09
021011092 0.000000e+00
021011093 0.000000e+00
021011094 -1.944575e-09
021011095 -1.147124e-09
024000000 2.692903e-26
024000001 1.467464e-26
024000002 -4.294162e-10
024000003 9.669360e-10
024000004 1.996514e-10
024000005 4.655177e-10
024000006 -1.996973e-10
024000007 -1.659287e-11
024001008 5.678252e-09
024001009 6.500121e-09
024001010 5.959035e-09
024001011 6.321429e-09
024001012 2.942039e-11
024001013 -2.978443e-10
024001014 -2.605059e-10
024001015 8.637404e-10
024002016 -4.648874e-10
024002017 2.197118e-10
024002018 4.368990e-09
024002019 5.018229e-09
024002020 4.268369e-09
024002021 4.892322e-09
024002022 4.144646e-09
024002023 4.682475e-09
024003024 5.174641e-09
024003025 4.950584e-09
024003026 1.261082e-10
024003027 2.294180e-10
024003028 9.383371e-10
024003029 9.220705e-10
024003030 -2.284958e-10
024003031 9.338236e-10
024004032 5.935682e-09
024004033 6.794354e-09
024004034 6.968032e-09
024004035 6.617589e-09
024004036 6.398055e-09
024004037 6.403632e-09
024004038 6.535750e-09
024004039 6.545488e-09
024005040 5.407067e-11
024005041 1.917745e-10
024005042 -9.381561e-11
024005043 8.090809e-10
024005044 1.354803e-10
024005045 1.162530e-09
024005046 4.386595e-09
024005047 4.762470e-09
024006048 4.404125e-09
024006049 5.361573e-09
024006050 4.861247e-09
024006051 4.775727e-09
024006052 0.000000e+00
024006053 0.000000e+00
024006054 -1.057109e-10
024006055 6.330585e-10
024007056 -2.199062e-10
024007057 4.919109e-10
024007058 6.896378e-09
024007059 6.584164e-09
024007060 6.539127e-09
024007061 6.466250e-09
024007062 6.893121e-09
024007063 6.371980e-09
024008064 7.292162e-09
024008065 7.029504e-09
024008066 7.298219e-09
024008067 7.093058e-09
024008068 6.465521e-10
024008069 1.022402e-09
024008070 8.753651e-10
024008071 -2.006858e-10
024009072 1.527196e-10
024009073 1.012095e-09
024009074 4.770399e-09
024009075 5.083997e-09
024009076 5.034633e-09
024009077 5.048388e-09
024009078 0.000000e+00
024009079 5.321665e-09
024010080 5.402915e-09
024010081 4.835004e-09
024010082 5.224284e-10
024010083 8.192184e-10
024010084 1.052589e-10
024010085 1.573223e-09
024010086 6.230479e-09
024010087 6.863012e-09
024011088 6.633751e-09
024011089 7.233091e-09
024011090 6.543434e-09
024011091 6.862355e-09
024011092 7.504808e-09
024011093 6.576494e-09
024011094 1.223873e-09
024011095 5.681390e-10
026000000 -1.093718e-26
026000001 4.724107e-26
026000002 -2.286235e-10
026000003 4.414560e-12
026000004 5.854564e-09
026000005 6.008464e-09
026000006 6.031494e-09
026000007 6.279854e-09
026001008 5.829819e-09
026001009 5.562759e-09
026001010 -3.345906e-10
026001011 8.847327e-11
026001012 -4.588925e-10
026001013 -3.924202e-11
026001014 -5.536676e-10
026001015 1.161529e-11
026002016 4.643788e-09
026002017 3.764379e-09
026002018 4.083879e-09
026002019 3.926657e-09
026002020 -5.792700e-10
026002021 -5.836084e-12
026002022 3.451045e-11
026002023 -3.064369e-11
026003024 -6.135829e-11
026003025 6.058614e-10
026003026 -2.988333e-10
026003027 -1.509834e-10
026003028 5.632616e-09
026003029 5.989711e-09
026003030 5.717572e-09
026003031 6.116186e-09
026004032 5.718860e-09
026004033 6.677902e-09
026004034 5.509022e-09
026004035 6.485329e-09
026004036 -3.177348e-10
026004037 3.283575e-10
026004038 -5.717771e-10
026004039 2.062036e-10
026005040 -2.695377e-10
026005041 1.700684e-10
026005042 4.285907e-09
026005043 5.436255e-09
026005044 4.349803e-09
026005045 5.370951e-09
026005046 -2.987772e-10
026005047 4.459339e-10
026006048 -1.489734e-11
026006049 7.855911e-10
026006050 -2.869055e-10
026006051 5.273803e-10
026006052 -2.104107e-10
026006053 2.756047e-10
026006054 5.914164e-09
026006055 6.602977e-09
026007056 5.711622e-09
026007057 6.319554e-09
026007058 5.348062e-09
026007059 6.487852e-09
026007060 5.923497e-09
026007061 6.201777e-09
026007062 6.251515e-09
026007063 6.325801e-09
026008064 5.922160e-09
026008065 6.132139e-09
026008066 -5.091124e-10
026008067 4.724170e-11
026008068 0.000000e+00
026008069 0.000000e+00
026008070 4.219282e-09
026008071 4.524903e-09
026009072 4.225075e-09
026009073 5.197228e-09
026009074 3.878516e-09
026009075 4.259472e-09
026009076 4.269409e-09
026009077 4.138661e-09
026009078 -8.900069e-11
026009079 -2.159622e-10
026010080 5.521717e-09
026010081 6.297168e-09
026010082 5.710313e-09
026010083 6.310969e-09
026010084 5.478044e-09
026010085 6.166643e-09
026010086 5.535317e-09
026010087 6.279968e-09
026011088 6.163704e-09
026011089 6.355771e-09
026011090 -1.621601e-11
026011091 -1.190350e-11
026011092 7.337281e-11
026011093 1.136904e-10
026011094 3.796952e-09
026011095 5.114421e-09
028000000 7.246462e-27
028000001 -3.745083e-26
028000002 -5.413287e-11
028000003 -1.023580e-10
028000004 5.462897e-11
028000005 1.877647e-10
028000006 4.455642e-09
028000007 4.246633e-09
028001008 4.578733e-09
028001009 4.392626e-09
028001010 -3.213398e-10
028001011 3.848253e-10
028001012 -2.303080e-10
028001013 -7.979401e-11
028001014 -2.273799e-10
028001015 -1.339554e-10
028002016 5.912532e-09
028002017 5.973203e-09
028002018 5.250257e-09
028002019 5.836354e-09
028002020 6.016899e-09
028002021 6.405586e-09
028002022 6.350569e-09
028002023 6.107602e-09
028003024 8.365194e-11
028003025 3.376360e-10
028003026 -1.141749e-10
028003027 3.377421e-10
028003028 -4.397137e-10
028003029 5.829629e-10
028003030 4.697984e-09
028003031 4.529759e-09
028004032 5.510298e-09
028004033 5.917411e-09
028004034 5.611952e-09
028004035 4.969880e-09
028004036 5.022899e-09
028004037 5.822392e-09
028004038 6.245178e-10
028004039 9.655396e-10
028005040 7.991412e-10
028005041 1.068070e-09
028005042 5.822401e-10
028005043 9.289817e-10
028005044 7.332183e-09
028005045 6.718248e-09
028005046 0.000000e+00
028005047 0.000000e+00
028006048 7.263047e-09
028006049 7.544029e-09
028006050 5.673846e-10
028006051 1.177105e-09
028006052 8.424293e-10
028006053 1.157779e-09
028006054 6.747804e-10
028006055 1.115967e-09
028007056 5.209262e-09
028007057 6.042911e-09
028007058 5.831067e-09
028007059 5.806917e-09
028007060 5.785146e-09
028007061 5.982440e-09
028007062 5.077482e-09
028007063 4.774800e-09
028008064 -1.045792e-09
028008065 -5.586234e-10
028008066 -9.348304e-10
028008067 -6.822946e-10
028008068 -6.765566e-10
028008069 -6.771067e-10
028008070 5.545214e-09
028008071 5.760773e-09
028009072 4.964872e-09
028009073 5.507008e-09
028009074 5.110030e-09
028009075 5.399825e-09
028009076 5.874388e-09
028009077 5.193599e-09
028009078 5.009357e-09
028009079 5.829969e-09
028010080 5.528768e-09
028010081 5.359025e-09
028010082 -7.830016e-10
028010083 2.725026e-10
028010084 -2.757744e-10
028010085 -1.069280e-10
028010086 3.819432e-09
028010087 4.307318e-09
028011088 -1.028071e-09
028011089 -3.786473e-10
028011090 -7.483322e-10
028011091 -3.406869e-10
028011092 5.555369e-09
028011093 5.702408e-09
028011094 5.381065e-09
028011095 5.447268e-09
030000000 -1.958452e-26
030000001 2.236782e-27
030000002 -2.307390e-11
030000003 -3.446084e-12
030000004 2.865751e-10
030000005 -1.130505e-10
030000006 -6.255934e-12
030000007 -1.103773e-10
030001008 -2.644119e-09
030001009 -3.806752e-09
030001010 -3.299759e-09
030001011 -3.164475e-09
030001012 2.790446e-11
030001013 -7.672967e-11
030001014 -3.925940e-12
030001015 -2.352771e-10
030002016 -1.057069e-10
030002017 -7.959073e-11
030002018 -6.094157e-10
030002019 -1.515250e-09
030002020 -6.249355e-10
030002021 -1.427630e-09
030002022 -6.395711e-10
030002023 -1.325816e-09
030003024 -1.150660e-09
030003025 -1.463340e-09
030003026 2.427128e-10
030003027 5.090635e-10
030003028 0.000000e+00
030003029 0.000000e+00
030003030 -7.830699e-12
030003031 4.608121e-11
030004032 -2.806331e-09
030004033 -3.232447e-09
030004034 -2.869973e-09
030004035 -3.353527e-09
030004036 -3.436118e-09
030004037 -3.127368e-09
030004038 -8.285529e-11
030004039 -2.001000e-10
030005040 7.513818e-10
030005041 -2.052330e-10
030005042 3.514221e-10
030005043 -6.656909e-10
030005044 -9.717058e-10
030005045 -1.276352e-09
030005046 -1.436379e-09
030005047 -1.785132e-09
030006048 -1.125266e-09
030006049 -1.077607e-09
030006050 -7.574797e-10
030006051 -6.471098e-10
030006052 -8.477489e-10
030006053 -1.454006e-09
030006054 1.219456e-10
030006055 -2.040070e-11
030007056 5.581038e-11
030007057 7.431511e-11
030007058 -2.952150e-09
030007059 -3.069849e-09
030007060 -2.763678e-09
030007061 -3.102164e-09
030007062 -2.733242e-09
030007063 -2.858346e-09
030008064 -2.986935e-09
030008065 -3.223824e-09
030008066 4.454643e-10
030008067 -4.702487e-11
030008068 1.510932e-11
030008069 -5.614518e-11
030008070 -1.006608e-09
030008071 -1.079228e-09
030009072 -6.615317e-10
030009073 -1.439287e-09
030009074 -9.743663e-10
030009075 -1.555982e-09
030009076 7.027462e-10
030009077 -6.798697e-10
030009078 -9.834699e-10
030009079 -9.715724e-10
030010080 -8.780876e-10
030010081 -1.174395e-09
030010082 6.174744e-11
030010083 -2.195713e-10
030010084 5.976320e-10
030010085 2.996710e-10
030010086 3.466688e-10
030010087 -4.706201e-10
030011088 -2.607613e-09
030011089 -2.982775e-09
030011090 -3.300928e-11
030011091 -3.562343e-11
030011092 3.736669e-10
030011093 -1.427304e-12
030011094 -8.105721e-10
030011095 -1.099500e-09
031000000 2.910653e-26
031000001 -1.108472e-26
031000002 -6.551946e-10
031000003 -1.303897e-10
031000004 9.623623e-09
031000005 1.003068e-08
031000006 9.151482e-09
031000007 9.643766e-09
031001008 9.096703e-09
031001009 9.517997e-09
031001010 3.406644e-09
031001011 3.594850e-09
031001012 3.129327e-09
031001013 3.606763e-09
031001014 3.182966e-09
031001015 3.818850e-09
031002016 7.569050e-09
031002017 8.035812e-09
031002018 7.362388e-09
031002019 8.245819e-09
031002020 8.174365e-09
031002021 8.539419e-09
031002022 -2.917774e-10
031002023 5.463152e-11
031003024 -4.996125e-10
031003025 -3.021316e-10
031003026 -9.391024e-11
031003027 8.529136e-11
031003028 9.173673e-09
031003029 1.003705e-08
031003030 9.805582e-09
031003031 9.606532e-09
031004032 1.094499e-08
031004033 1.025208e-08
031004034 1.062206e-08
031004035 1.041493e-08
031004036 1.084562e-08
031004037 1.087720e-08
031004038 4.597786e-09
031004039 4.454342e-09
031005040 4.248193e-09
031005041 4.414966e-09
031005042 4.479979e-09
031005043 4.196163e-09
031005044 9.022230e-09
031005045 9.309803e-09
031005046 9.088460e-09
031005047 9.225195e-09
031006048 7.123832e-10
031006049 6.525140e-10
031006050 6.161436e-10
031006051 8.280372e-10
031006052 6.401292e-10
031006053 6.764545e-10
031006054 1.030139e-08
031006055 1.078070e-08
031007056 1.051728e-08
031007057 1.032146e-08
031007058 1.000361e-08
031007059 1.020362e-08
031007060 1.039968e-08
031007061 1.001739e-08
031007062 1.035669e-08
031007063 1.019210e-08
031008064 1.216616e-08
031008065 7.585031e-09
031008066 7.149552e-09
031008067 0.000000e+00
031008068 7.349489e-09
031008069 3.464274e-09
031008070 7.392860e-09
031008071 5.223197e-08
031009072 1.145022e-08
031009073 1.261191e-08
031009074 1.225678e-08
031009075 8.449745e-09
031009076 1.153300e-08
031009077 0.000000e+00
031009078 1.258930e-08
031009079 0.000000e+00
031010080 2.971501e-09
031010081 0.000000e+00
031010082 1.322833e-08
031010083 1.371434e-08
031010084 1.286860e-08
031010085 0.000000e+00
031010086 1.191195e-08
031010087 1.050437e-08
031011088 1.202038e-08
031011089 0.000000e+00
031011090 1.332783e-08
031011091 0.000000e+00
031011092 7.408462e-09
031011093 0.000000e+00
031011094 1.143224e-08
031011095 0.000000e+00
032000000 -1.328325e-26
032000001 2.633677e-26
032000002 7.192926e-10
032000003 2.843680e-10
032000004 6.679678e-10
032000005 -3.503055e-11
032000006 1.298693e-09
032000007 9.636458e-10
032001008 -1.094393e-10
032001009 -1.498337e-09
032001010 -2.247642e-10
032001011 -1.179153e-09
032001012 6.504245e-10
032001013 9.395128e-10
032001014 4.272286e-10
032001015 8.206783e-10
032002016 6.026026e-10
032002017 8.550639e-10
032002018 8.624887e-10
032002019 8.916397e-11
032002020 -2.513783e-09
032002021 -2.606051e-09
032002022 -2.392572e-09
032002023 -2.685945e-09
032003024 -2.187647e-09
032003025 -3.029647e-09
032003026 9.087655e-10
032003027 -1.011121e-11
032003028 4.935712e-10
032003029 -3.331363e-10
032003030 5.635361e-10
032003031 8.975749e-11
032004032 -2.900267e-10
032004033 -1.533754e-09
032004034 -9.656615e-10
032004035 -1.414529e-09
032004036 -2.004700e-10
032004037 -1.351076e-09
032004038 -1.666245e-10
032004039 -1.345278e-09
032005040 -4.762853e-10
032005041 -1.258728e-09
032005042 1.103491e-09
032005043 6.421664e-10
032005044 7.628186e-10
032005045 7.935800e-10
032005046 -2.436970e-09
032005047 -3.025327e-09
032006048 -2.654186e-09
032006049 0.000000e+00
032006050 -2.654456e-09
032006051 -2.782790e-09
032006052 6.691450e-10
032006053 1.957938e-11
032006054 8.880168e-10
032006055 1.856014e-10
032007056 6.962839e-10
032007057 5.048312e-10
032007058 -4.149602e-10
032007059 -1.310849e-09
032007060 -7.410672e-10
032007061 -1.377259e-09
032007062 -3.155394e-10
032007063 -1.928920e-09
032008064 -3.235445e-10
032008065 -1.629678e-09
032008066 -2.738296e-10
032008067 -1.563191e-09
032008068 -5.021841e-10
032008069 -1.639852e-09
032008070 1.223004e-12
032008071 3.816892e-10
032009072 3.482686e-11
032009073 -3.020514e-10
032009074 -2.822693e-09
032009075 -3.038927e-09
032009076 -2.805021e-09
032009077 -3.271582e-09
032009078 -2.830347e-09
032009079 -3.224946e-09
032010080 -3.029403e-09
032010081 -2.902447e-09
032010082 6.869754e-10
032010083 1.872683e-10
032010084 2.278796e-10
032010085 4.979953e-10
032010086 -8.543500e-10
032010087 -1.762816e-09
032011088 -8.657010e-10
032011089 -1.496404e-09
032011090 -2.430303e-10
032011091 -1.313818e-09
032011092 0.000000e+00
032011093 0.000000e+00
032011094 -3.440389e-09
032011095 -3.487556e-09
101000000 -2.187803e-27
101000001 1.194855e-26
101000002 2.616616e-10
101000003 -4.482949e-10
101000004 -1.246274e-10
101000005 -1.712004e-11
101000006 -8.715251e-10
101000007 -1.166834e-09
101001008 -1.043277e-09
101001009 -1.942483e-09
101001010 -1.064609e-09
101001011 -1.445138e-09
101001012 1.730766e-10
101001013 -1.287233e-10
101001014 -2.842414e-10
101001015 -6.665225e-10
101002016 5.775396e-10
101002017 -2.806473e-10
101002018 -2.412712e-09
101002019 -2.958453e-09
101002020 -2.941969e-09
101002021 -2.860272e-09
101002022 -2.173162e-09
101002023 -3.028646e-09
101003024 1.163537e-10
101003025 -3.873369e-10
101003026 -2.574253e-10
101003027 -3.436488e-10
101003028 9.042495e-10
101003029 -2.263035e-10
101003030 -6.892179e-10
101003031 -1.278306e-09
101004032 0.000000e+00
101004033 0.000000e+00
101004034 -2.533816e-09
101004035 -2.224282e-09
101004036 -2.744001e-09
101004037 -3.103490e-09
101004038 4.031245e-09
101004039 2.860011e-09
101005040 -1.549307e-09
101005041 -1.756288e-09
101005042 -5.016703e-10
101005043 -1.666248e-09
101005044 -1.801005e-09
101005045 -2.126970e-09
101005046 6.198031e-10
101005047 -5.481008e-10
101006048 -4.957233e-09
101006049 -4.601771e-09
101006050 -1.308015e-09
101006051 -2.320087e-09
101006052 3.749878e-09
101006053 3.032195e-09
101006054 3.309599e-09
101006055 2.866546e-09
101007056 -2.433983e-09
101007057 -2.864230e-09
101007058 -2.816921e-09
101007059 -2.995646e-09
101007060 -2.658914e-09
101007061 -2.969275e-09
101007062 2.201711e-09
101007063 2.038930e-09
101008064 -8.410843e-10
101008065 -8.096765e-10
101008066 -8.701193e-10
101008067 -1.422757e-09
101008068 -1.309025e-09
101008069 -1.464828e-09
101008070 2.050453e-10
101008071 1.784379e-10
101009072 3.302723e-10
101009073 8.210780e-11
101009074 -2.422940e-09
101009075 -3.675931e-09
101009076 -3.047913e-09
101009077 0.000000e+00
101009078 -2.773005e-09
101009079 -2.942377e-09
101010080 3.828748e-10
101010081 -7.285156e-11
101010082 6.513898e-10
101010083 4.045435e-11
101010084 -7.824943e-10
101010085 -9.052047e-10
101010086 -9.989535e-10
101010087 -8.648859e-10
101011088 -1.012709e-09
101011089 -1.410220e-09
101011090 -8.722285e-10
101011091 -1.282378e-09
101011092 -1.166165e-09
101011093 -1.684214e-09
101011094 7.319153e-10
101011095 -1.229415e-10
103000000 -2.877382e-26
103000001 -1.556870e-26
103000002 -1.198244e-10
103000003 -5.073341e-10
103000004 3.106202e-09
103000005 3.547987e-09
103000006 2.419456e-09
103000007 3.135044e-09
103001008 1.834222e-09
103001009 1.846095e-09
103001010 2.397485e-09
103001011 1.611954e-09
103001012 8.800236e-10
103001013 1.394388e-09
103001014 2.863681e-09
103001015 2.398011e-09
103002016 2.399978e-09
103002017 1.832599e-09
103002018 2.851298e-09
103002019 3.477975e-09
103002020 -4.211878e-09
103002021 -3.732319e-09
103002022 -6.279594e-10
103002023 -5.891356e-10
103003024 7.714819e-13
103003025 6.494000e-11
103003026 2.703782e-09
103003027 2.884215e-09
103003028 3.705249e-09
103003029 3.125068e-09
103003030 2.568427e-09
103003031 2.835179e-09
103004032 1.970776e-09
103004033 2.113832e-09
103004034 8.115404e-10
103004035 6.786087e-10
103004036 9.100565e-10
103004037 5.403564e-10
103004038 3.603564e-10
103004039 5.850784e-10
103005040 4.845017e-10
103005041 2.336174e-10
103005042 2.292578e-09
103005043 1.734231e-09
103005044 1.241673e-09
103005045 5.010243e-10
103005046 -8.995905e-10
103005047 -1.492721e-09
103006048 -9.322828e-10
103006049 -4.911861e-10
103006050 -6.087127e-10
103006051 -1.071037e-09
103006052 -7.689644e-10
103006053 -6.011715e-10
103006054 2.097894e-09
103006055 2.083884e-09
103007056 1.767982e-09
103007057 1.827734e-09
103007058 1.587333e-09
103007059 1.258239e-09
103007060 5.938448e-10
103007061 4.045710e-10
103007062 1.215441e-09
103007063 3.898868e-10
103008064 1.358954e-09
103008065 1.275589e-09
103008066 1.235211e-09
103008067 1.019731e-09
103008068 1.456160e-09
103008069 1.258527e-09
103008070 1.716148e-09
103008071 1.145088e-09
103009072 3.525987e-09
103009073 2.185785e-09
103009074 2.781767e-09
103009075 1.602165e-09
103009076 -1.571304e-10
103009077 4.556843e-10
103009078 -6.652432e-10
103009079 -1.315237e-09
103010080 -1.828410e-10
103010081 1.302634e-10
103010082 2.548648e-09
103010083 3.178685e-09
103010084 3.029061e-09
103010085 2.589314e-09
103010086 1.962559e-09
103010087 1.571473e-09
103011088 1.599487e-09
103011089 1.923560e-09
103011090 1.864225e-09
103011091 1.016032e-09
103011092 1.507115e-09
103011093 1.780966e-09
103011094 2.554498e-09
103011095 3.310691e-09
201000000 0.000000e+00
201000001 0.000000e+00
201000002 0.000000e+00
201000003 0.000000e+00
201000004 0.000000e+00
201000005 0.000000e+00
201000006 0.000000e+00
201000007 0.000000e+00
201001008 0.000000e+00
201001009 0.000000e+00
201001010 0.000000e+00
201001011 0.000000e+00
201001012 0.000000e+00
201001013 0.000000e+00
201001014 0.000000e+00
201001015 0.000000e+00
201002016 0.000000e+00
201002017 0.000000e+00
201002018 0.000000e+00
201002019 0.000000e+00
201002020 0.000000e+00
201002021 0.000000e+00
201002022 0.000000e+00
201002023 0.000000e+00
201003024 0.000000e+00
201003025 0.000000e+00
201003026 0.000000e+00
201003027 0.000000e+00
201003028 0.000000e+00
201003029 0.000000e+00
201003030 0.000000e+00
201003031 0.000000e+00
201004032 0.000000e+00
201004033 0.000000e+00
201004034 0.000000e+00
201004035 0.000000e+00
201004036 0.000000e+00
201004037 0.000000e+00
201004038 0.000000e+00
201004039 0.000000e+00
201005040 0.000000e+00
201005041 0.000000e+00
201005042 0.000000e+00
201005043 0.000000e+00
201005044 0.000000e+00
201005045 0.000000e+00
201005046 0.000000e+00
201005047 0.000000e+00
201006048 0.000000e+00
201006049 0.000000e+00
201006050 0.000000e+00
201006051 0.000000e+00
201006052 0.000000e+00
201006053 0.000000e+00
201006054 0.000000e+00
201006055 0.000000e+00
201007056 0.000000e+00
201007057 0.000000e+00
201007058 0.000000e+00
201007059 0.000000e+00
201007060 0.000000e+00
201007061 0.000000e+00
201007062 0.000000e+00
201007063 0.000000e+00
201008064 0.000000e+00
201008065 0.000000e+00
201008066 0.000000e+00
201008067 0.000000e+00
201008068 0.000000e+00
201008069 0.000000e+00
201008070 0.000000e+00
201008071 0.000000e+00
201009072 0.000000e+00
201009073 0.000000e+00
201009074 0.000000e+00
201009075 0.000000e+00
201009076 0.000000e+00
201009077 0.000000e+00
201009078 0.000000e+00
201009079 0.000000e+00
201010080 0.000000e+00
201010081 0.000000e+00
201010082 0.000000e+00
201010083 0.000000e+00
201010084 0.000000e+00
201010085 0.000000e+00
201010086 0.000000e+00
201010087 0.000000e+00
201011088 0.000000e+00
201011089 0.000000e+00
201011090 0.000000e+00
201011091 0.000000e+00
201011092 0.000000e+00
201011093 0.000000e+00
201011094 0.000000e+00
201011095 0.000000e+00
301000000 0.000000e+00
301000001 0.000000e+00
301000002 0.000000e+00
301000003 0.000000e+00
301000004 0.000000e+00
301000005 0.000000e+00
301000006 0.000000e+00
301000007 0.000000e+00
301001008 0.000000e+00
301001009 0.000000e+00
301001010 0.000000e+00
301001011 0.000000e+00
301001012 0.000000e+00
301001013 0.000000e+00
301001014 0.000000e+00
301001015 0.000000e+00
301002016 0.000000e+00
301002017 0.000000e+00
301002018 0.000000e+00
301002019 0.000000e+00
301002020 0.000000e+00
301002021 0.000000e+00
301002022 0.000000e+00
301002023 0.000000e+00
301003024 0.000000e+00
301003025 0.000000e+00
301003026 0.000000e+00
301003027 0.000000e+00
301003028 0.000000e+00
301003029 0.000000e+00
301003030 0.000000e+00
301003031 0.000000e+00
301004032 0.000000e+00
301004033 0.000000e+00
301004034 0.000000e+00
301004035 0.000000e+00
301004036 0.000000e+00
301004037 0.000000e+00
301004038 0.000000e+00
301004039 0.000000e+00
301005040 0.000000e+00
301005041 0.000000e+00
301005042 0.000000e+00
301005043 0.000000e+00
301005044 0.000000e+00
301005045 0.000000e+00
301005046 0.000000e+00
301005047 0.000000e+00
301006048 0.000000e+00
301006049 0.000000e+00
301006050 0.000000e+00
301006051 0.000000e+00
301006052 0.000000e+00
301006053 0.000000e+00
301006054 0.000000e+00
301006055 0.000000e+00
301007056 0.000000e+00
301007057 0.000000e+00
301007058 0.000000e+00
301007059 0.000000e+00
301007060 0.000000e+00
301007061 0.000000e+00
301007062 0.000000e+00
301007063 0.000000e+00
301008064 0.000000e+00
301008065 0.000000e+00
301008066 0.000000e+00
301008067 0.000000e+00
301008068 0.000000e+00
301008069 0.000000e+00
301008070 0.000000e+00
301008071 0.000000e+00
301009072 0.000000e+00
301009073 0.000000e+00
301009074 0.000000e+00
301009075 0.000000e+00
301009076 0.000000e+00
301009077 0.000000e+00
301009078 0.000000e+00
301009079 0.000000e+00
301010080 0.000000e+00
301010081 0.000000e+00
301010082 0.000000e+00
301010083 0.000000e+00
301010084 0.000000e+00
301010085 0.000000e+00
301010086 0.000000e+00
301010087 0.000000e+00
301011088 0.000000e+00
301011089 0.000000e+00
301011090 0.000000e+00
301011091 0.000000e+00
301011092 0.000000e+00
301011093 0.000000e+00
301011094 0.000000e+00
301011095 0.000000e+00
302000000 0.000000e+00
302000001 0.000000e+00
302000002 0.000000e+00
302000003 0.000000e+00
302000004 0.000000e+00
302000005 0.000000e+00
302000006 0.000000e+00
302000007 0.000000e+00
302001008 0.000000e+00
302001009 0.000000e+00
302001010 0.000000e+00
302001011 0.000000e+00
302001012 0.000000e+00
302001013 0.000000e+00
302001014 0.000000e+00
302001015 0.000000e+00
302002016 0.000000e+00
302002017 0.000000e+00
302002018 0.000000e+00
302002019 0.000000e+00
302002020 0.000000e+00
302002021 0.000000e+00
302002022 0.000000e+00
302002023 0.000000e+00
302003024 0.000000e+00
302003025 0.000000e+00
302003026 0.000000e+00
302003027 0.000000e+00
302003028 0.000000e+00
302003029 0.000000e+00
302003030 0.000000e+00
302003031 0.000000e+00
302004032 0.000000e+00
302004033 0.000000e+00
302004034 0.000000e+00
302004035 0.000000e+00
302004036 0.000000e+00
302004037 0.000000e+00
302004038 0.000000e+00
302004039 0.000000e+00
302005040 0.000000e+00
302005041 0.000000e+00
302005042 0.000000e+00
302005043 0.000000e+00
302005044 0.000000e+00
302005045 0.000000e+00
302005046 0.000000e+00
302005047 0.000000e+00
302006048 0.000000e+00
302006049 0.000000e+00
302006050 0.000000e+00
302006051 0.000000e+00
302006052 0.000000e+00
302006053 0.000000e+00
302006054 0.000000e+00
302006055 0.000000e+00
302007056 0.000000e+00
302007057 0.000000e+00
302007058 0.000000e+00
302007059 0.000000e+00
302007060 0.000000e+00
302007061 0.000000e+00
302007062 0.000000e+00
302007063 0.000000e+00
302008064 0.000000e+00
302008065 0.000000e+00
302008066 0.000000e+00
302008067 0.000000e+00
302008068 0.000000e+00
302008069 0.000000e+00
302008070 0.000000e+00
302008071 0.000000e+00
302009072 0.000000e+00
302009073 0.000000e+00
302009074 0.000000e+00
302009075 0.000000e+00
302009076 0.000000e+00
302009077 0.000000e+00
302009078 0.000000e+00
302009079 0.000000e+00
302010080 0.000000e+00
302010081 0.000000e+00
302010082 0.000000e+00
302010083 0.000000e+00
302010084 0.000000e+00
302010085 0.000000e+00
302010086 0.000000e+00
302010087 0.000000e+00
302011088 0.000000e+00
302011089 0.000000e+00
302011090 0.000000e+00
302011091 0.000000e+00
302011092 0.000000e+00
302011093 0.000000e+00
302011094 0.000000e+00
302011095 0.000000e+00
401000000 0.000000e+00
401000001 0.000000e+00
401000002 0.000000e+00
401000003 0.000000e+00
401000004 0.000000e+00
401000005 0.000000e+00
401000006 0.000000e+00
401000007 0.000000e+00
401001008 0.000000e+00
401001009 0.000000e+00
401001010 0.000000e+00
401001011 0.000000e+00
401001012 0.000000e+00
401001013 0.000000e+00
401001014 0.000000e+00
401001015 0.000000e+00
401002016 0.000000e+00
401002017 0.000000e+00
401002018 0.000000e+00
401002019 0.000000e+00
401002020 0.000000e+00
401002021 0.000000e+00
401002022 0.000000e+00
401002023 0.000000e+00
401003024 0.000000e+00
401003025 0.000000e+00
401003026 0.000000e+00
401003027 0.000000e+00
401003028 0.000000e+00
401003029 0.000000e+00
401003030 0.000000e+00
401003031 0.000000e+00
401004032 0.000000e+00
401004033 0.000000e+00
401004034 0.000000e+00
401004035 0.000000e+00
401004036 0.000000e+00
401004037 0.000000e+00
401004038 0.000000e+00
401004039 0.000000e+00
401005040 0.000000e+00
401005041 0.000000e+00
401005042 0.000000e+00
401005043 0.000000e+00
401005044 0.000000e+00
401005045 0.000000e+00
401005046 0.000000e+00
401005047 0.000000e+00
401006048 0.000000e+00
401006049 0.000000e+00
401006050 0.000000e+00
401006051 0.000000e+00
401006052 0.000000e+00
401006053 0.000000e+00
401006054 0.000000e+00
401006055 0.000000e+00
401007056 0.000000e+00
401007057 0.000000e+00
401007058 0.000000e+00
401007059 0.000000e+00
401007060 0.000000e+00
401007061 0.000000e+00
401007062 0.000000e+00
401007063 0.000000e+00
401008064 0.000000e+00
401008065 0.000000e+00
401008066 0.000000e+00
401008067 0.000000e+00
401008068 0.000000e+00
401008069 0.000000e+00
401008070 0.000000e+00
401008071 0.000000e+00
401009072 0.000000e+00
401009073 0.000000e+00
401009074 0.000000e+00
401009075 0.000000e+00
401009076 0.000000e+00
401009077 0.000000e+00
401009078 0.000000e+00
401009079 0.000000e+00
401010080 0.000000e+00
401010081 0.000000e+00
401010082 0.000000e+00
401010083 0.000000e+00
401010084 0.000000e+00
401010085 0.000000e+00
401010086 0.000000e+00
401010087 0.000000e+00
401011088 0.000000e+00
401011089 0.000000e+00
401011090 0.000000e+00
401011091 0.000000e+00
401011092 0.000000e+00
401011093 0.000000e+00
401011094 0.000000e+00
401011095 0.000000e+00
501000000 0.000000e+00
501000001 0.000000e+00
501000002 0.000000e+00
501000003 0.000000e+00
501000004 0.000000e+00
501000005 0.000000e+00
501000006 0.000000e+00
501000007 0.000000e+00
501001008 0.000000e+00
501001009 0.000000e+00
501001010 0.000000e+00
501001011 0.000000e+00
501001012 0.000000e+00
501001013 0.000000e+00
501001014 0.000000e+00
501001015 0.000000e+00
501002016 0.000000e+00
501002017 0.000000e+00
501002018 0.000000e+00
501002019 0.000000e+00
501002020 0.000000e+00
501002021 0.000000e+00
501002022 0.000000e+00
501002023 0.000000e+00
501003024 0.000000e+00
501003025 0.000000e+00
501003026 0.000000e+00
501003027 0.000000e+00
501003028 0.000000e+00
501003029 0.000000e+00
501003030 0.000000e+00
501003031 0.000000e+00
501004032 0.000000e+00
501004033 0.000000e+00
501004034 0.000000e+00
501004035 0.000000e+00
501004036 0.000000e+00
501004037 0.000000e+00
501004038 0.000000e+00
501004039 0.000000e+00
501005040 0.000000e+00
501005041 0.000000e+00
501005042 0.000000e+00
501005043 0.000000e+00
501005044 0.000000e+00
501005045 0.000000e+00
501005046 0.000000e+00
501005047 0.000000e+00
501006048 0.000000e+00
501006049 0.000000e+00
501006050 0.000000e+00
501006051 0.000000e+00
501006052 0.000000e+00
501006053 0.000000e+00
501006054 0.000000e+00
501006055 0.000000e+00
501007056 0.000000e+00
501007057 0.000000e+00
501007058 0.000000e+00
501007059 0.000000e+00
501007060 0.000000e+00
501007061 0.000000e+00
501007062 0.000000e+00
501007063 0.000000e+00
501008064 0.000000e+00
501008065 0.000000e+00
501008066 0.000000e+00
501008067 0.000000e+00
501008068 0.000000e+00
501008069 0.000000e+00
501008070 0.000000e+00
501008071 0.000000e+00
501009072 0.000000e+00
501009073 0.000000e+00
501009074 0.000000e+00
501009075 0.000000e+00
501009076 0.000000e+00
501009077 0.000000e+00
501009078 0.000000e+00
501009079 0.000000e+00
501010080 0.000000e+00
501010081 0.000000e+00
501010082 0.000000e+00
501010083 0.000000e+00
501010084 0.000000e+00
501010085 0.000000e+00
501010086 0.000000e+00
501010087 0.000000e+00
501011088 0.000000e+00
501011089 0.000000e+00
501011090 0.000000e+00
501011091 0.000000e+00
501011092 0.000000e+00
501011093 0.000000e+00
501011094 0.000000e+00
501011095 0.000000e+00
106000000 0.000000e+00
106000001 0.000000e+00
106000002 0.000000e+00
106000003 0.000000e+00
106000004 0.000000e+00
106000005 0.000000e+00
106000006 0.000000e+00
106000007 0.000000e+00
106001008 0.000000e+00
106001009 0.000000e+00
106001010 0.000000e+00
106001011 0.000000e+00
106001012 0.000000e+00
106001013 0.000000e+00
106001014 0.000000e+00
106001015 0.000000e+00
106002016 0.000000e+00
106002017 0.000000e+00
106002018 0.000000e+00
106002019 0.000000e+00
106002020 0.000000e+00
106002021 0.000000e+00
106002022 0.000000e+00
106002023 0.000000e+00
106003024 0.000000e+00
106003025 0.000000e+00
106003026 0.000000e+00
106003027 0.000000e+00
106003028 0.000000e+00
106003029 0.000000e+00
106003030 0.000000e+00
106003031 0.000000e+00
106004032 0.000000e+00
106004033 0.000000e+00
106004034 0.000000e+00
106004035 0.000000e+00
106004036 0.000000e+00
106004037 0.000000e+00
106004038 0.000000e+00
106004039 0.000000e+00
106005040 0.000000e+00
106005041 0.000000e+00
106005042 0.000000e+00
106005043 0.000000e+00
106005044 0.000000e+00
106005045 0.000000e+00
106005046 0.000000e+00
106005047 0.000000e+00
106006048 0.000000e+00
106006049 0.000000e+00
106006050 0.000000e+00
106006051 0.000000e+00
106006052 0.000000e+00
106006053 0.000000e+00
106006054 0.000000e+00
106006055 0.000000e+00
106007056 0.000000e+00
106007057 0.000000e+00
106007058 0.000000e+00
106007059 0.000000e+00
106007060 0.000000e+00
106007061 0.000000e+00
106007062 0.000000e+00
106007063 0.000000e+00
106008064 0.000000e+00
106008065 0.000000e+00
106008066 0.000000e+00
106008067 0.000000e+00
106008068 0.000000e+00
106008069 0.000000e+00
106008070 0.000000e+00
106008071 0.000000e+00
106009072 0.000000e+00
106009073 0.000000e+00
106009074 0.000000e+00
106009075 0.000000e+00
106009076 0.000000e+00
106009077 0.000000e+00
106009078 0.000000e+00
106009079 0.000000e+00
106010080 0.000000e+00
106010081 0.000000e+00
106010082 0.000000e+00
106010083 0.000000e+00
106010084 0.000000e+00
106010085 0.000000e+00
106010086 0.000000e+00
106010087 0.000000e+00
106011088 0.000000e+00
106011089 0.000000e+00
106011090 0.000000e+00
106011091 0.000000e+00
106011092 0.000000e+00
106011093 0.000000e+00
106011094 0.000000e+00
106011095 0.000000e+00
205000000 0.000000e+00
205000001 0.000000e+00
205000002 0.000000e+00
205000003 0.000000e+00
205000004 0.000000e+00
205000005 0.000000e+00
205000006 0.000000e+00
205000007 0.000000e+00
205001008 0.000000e+00
205001009 0.000000e+00
205001010 0.000000e+00
205001011 0.000000e+00
205001012 0.000000e+00
205001013 0.000000e+00
205001014 0.000000e+00
205001015 0.000000e+00
205002016 0.000000e+00
205002017 0.000000e+00
205002018 0.000000e+00
205002019 0.000000e+00
205002020 0.000000e+00
205002021 0.000000e+00
205002022 0.000000e+00
205002023 0.000000e+00
205003024 0.000000e+00
205003025 0.000000e+00
205003026 0.000000e+00
205003027 0.000000e+00
205003028 0.000000e+00
205003029 0.000000e+00
205003030 0.000000e+00
205003031 0.000000e+00
205004032 0.000000e+00
205004033 0.000000e+00
205004034 0.000000e+00
205004035 0.000000e+00
205004036 0.000000e+00
205004037 0.000000e+00
205004038 0.000000e+00
205004039 0.000000e+00
205005040 0.000000e+00
205005041 0.000000e+00
205005042 0.000000e+00
205005043 0.000000e+00
205005044 0.000000e+00
205005045 0.000000e+00
205005046 0.000000e+00
205005047 0.000000e+00
205006048 0.000000e+00
205006049 0.000000e+00
205006050 0.000000e+00
205006051 0.000000e+00
205006052 0.000000e+00
205006053 0.000000e+00
205006054 0.000000e+00
205006055 0.000000e+00
205007056 0.000000e+00
205007057 0.000000e+00
205007058 0.000000e+00
205007059 0.000000e+00
205007060 0.000000e+00
205007061 0.000000e+00
205007062 0.000000e+00
205007063 0.000000e+00
205008064 0.000000e+00
205008065 0.000000e+00
205008066 0.000000e+00
205008067 0.000000e+00
205008068 0.000000e+00
205008069 0.000000e+00
205008070 0.000000e+00
205008071 0.000000e+00
205009072 0.000000e+00
205009073 0.000000e+00
205009074 0.000000e+00
205009075 0.000000e+00
205009076 0.000000e+00
205009077 0.000000e+00
205009078 0.000000e+00
205009079 0.000000e+00
205010080 0.000000e+00
205010081 0.000000e+00
205010082 0.000000e+00
205010083 0.000000e+00
205010084 0.000000e+00
205010085 0.000000e+00
205010086 0.000000e+00
205010087 0.000000e+00
205011088 0.000000e+00
205011089 0.000000e+00
205011090 0.000000e+00
205011091 0.000000e+00
205011092 0.000000e+00
205011093 0.000000e+00
205011094 0.000000e+00
205011095 0.000000e+00
208000000 0.000000e+00
208000001 0.000000e+00
208000002 0.000000e+00
208000003 0.000000e+00
208000004 0.000000e+00
208000005 0.000000e+00
208000006 0.000000e+00
208000007 0.000000e+00
208001008 0.000000e+00
208001009 0.000000e+00
208001010 0.000000e+00
208001011 0.000000e+00
208001012 0.000000e+00
208001013 0.000000e+00
208001014 0.000000e+00
208001015 0.000000e+00
208002016 0.000000e+00
208002017 0.000000e+00
208002018 0.000000e+00
208002019 0.000000e+00
208002020 0.000000e+00
208002021 0.000000e+00
208002022 0.000000e+00
208002023 0.000000e+00
208003024 0.000000e+00
208003025 0.000000e+00
208003026 0.000000e+00
208003027 0.000000e+00
208003028 0.000000e+00
208003029 0.000000e+00
208003030 0.000000e+00
208003031 0.000000e+00
208004032 0.000000e+00
208004033 0.000000e+00
208004034 0.000000e+00
208004035 0.000000e+00
208004036 0.000000e+00
208004037 0.000000e+00
208004038 0.000000e+00
208004039 0.000000e+00
208005040 0.000000e+00
208005041 0.000000e+00
208005042 0.000000e+00
208005043 0.000000e+00
208005044 0.000000e+00
208005045 0.000000e+00
208005046 0.000000e+00
208005047 0.000000e+00
208006048 0.000000e+00
208006049 0.000000e+00
208006050 0.000000e+00
208006051 0.000000e+00
208006052 0.000000e+00
208006053 0.000000e+00
208006054 0.000000e+00
208006055 0.000000e+00
208007056 0.000000e+00
208007057 0.000000e+00
208007058 0.000000e+00
208007059 0.000000e+00
208007060 0.000000e+00
208007061 0.000000e+00
208007062 0.000000e+00
208007063 0.000000e+00
208008064 0.000000e+00
208008065 0.000000e+00
208008066 0.000000e+00
208008067 0.000000e+00
208008068 0.000000e+00
208008069 0.000000e+00
208008070 0.000000e+00
208008071 0.000000e+00
208009072 0.000000e+00
208009073 0.000000e+00
208009074 0.000000e+00
208009075 0.000000e+00
208009076 0.000000e+00
208009077 0.000000e+00
208009078 0.000000e+00
208009079 0.000000e+00
208010080 0.000000e+00
208010081 0.000000e+00
208010082 0.000000e+00
208010083 0.000000e+00
208010084 0.000000e+00
208010085 0.000000e+00
208010086 0.000000e+00
208010087 0.000000e+00
208011088 0.000000e+00
208011089 0.000000e+00
208011090 0.000000e+00
208011091 0.000000e+00
208011092 0.000000e+00
208011093 0.000000e+00
208011094 0.000000e+00
208011095 0.000000e+00
306000000 0.000000e+00
306000001 0.000000e+00
306000002 0.000000e+00
306000003 0.000000e+00
306000004 0.000000e+00
306000005 0.000000e+00
306000006 0.000000e+00
306000007 0.000000e+00
306001008 0.000000e+00
306001009 0.000000e+00
306001010 0.000000e+00
306001011 0.000000e+00
306001012 0.000000e+00
306001013 0.000000e+00
306001014 0.000000e+00
306001015 0.000000e+00
306002016 0.000000e+00
306002017 0.000000e+00
306002018 0.000000e+00
306002019 0.000000e+00
306002020 0.000000e+00
306002021 0.000000e+00
306002022 0.000000e+00
306002023 0.000000e+00
306003024 0.000000e+00
306003025 0.000000e+00
306003026 0.000000e+00
306003027 0.000000e+00
306003028 0.000000e+00
306003029 0.000000e+00
306003030 0.000000e+00
306003031 0.000000e+00
306004032 0.000000e+00
306004033 0.000000e+00
306004034 0.000000e+00
306004035 0.000000e+00
306004036 0.000000e+00
306004037 0.000000e+00
306004038 0.000000e+00
306004039 0.000000e+00
306005040 0.000000e+00
306005041 0.000000e+00
306005042 0.000000e+00
306005043 0.000000e+00
306005044 0.000000e+00
306005045 0.000000e+00
306005046 0.000000e+00
306005047 0.000000e+00
306006048 0.000000e+00
306006049 0.000000e+00
306006050 0.000000e+00
306006051 0.000000e+00
306006052 0.000000e+00
306006053 0.000000e+00
306006054 0.000000e+00
306006055 0.000000e+00
306007056 0.000000e+00
306007057 0.000000e+00
306007058 0.000000e+00
306007059 0.000000e+00
306007060 0.000000e+00
306007061 0.000000e+00
306007062 0.000000e+00
306007063 0.000000e+00
306008064 0.000000e+00
306008065 0.000000e+00
306008066 0.000000e+00
306008067 0.000000e+00
306008068 0.000000e+00
306008069 0.000000e+00
306008070 0.000000e+00
306008071 0.000000e+00
306009072 0.000000e+00
306009073 0.000000e+00
306009074 0.000000e+00
306009075 0.000000e+00
306009076 0.000000e+00
306009077 0.000000e+00
306009078 0.000000e+00
306009079 0.000000e+00
306010080 0.000000e+00
306010081 0.000000e+00
306010082 0.000000e+00
306010083 0.000000e+00
306010084 0.000000e+00
306010085 0.000000e+00
306010086 0.000000e+00
306010087 0.000000e+00
306011088 0.000000e+00
306011089 0.000000e+00
306011090 0.000000e+00
306011091 0.000000e+00
306011092 0.000000e+00
306011093 0.000000e+00
306011094 0.000000e+00
306011095 0.000000e+00
307000000 0.000000e+00
307000001 0.000000e+00
307000002 0.000000e+00
307000003 0.000000e+00
307000004 0.000000e+00
307000005 0.000000e+00
307000006 0.000000e+00
307000007 0.000000e+00
307001008 0.000000e+00
307001009 0.000000e+00
307001010 0.000000e+00
307001011 0.000000e+00
307001012 0.000000e+00
307001013 0.000000e+00
307001014 0.000000e+00
307001015 0.000000e+00
307002016 0.000000e+00
307002017 0.000000e+00
307002018 0.000000e+00
307002019 0.000000e+00
307002020 0.000000e+00
307002021 0.000000e+00
307002022 0.000000e+00
307002023 0.000000e+00
307003024 0.000000e+00
307003025 0.000000e+00
307003026 0.000000e+00
307003027 0.000000e+00
307003028 0.000000e+00
307003029 0.000000e+00
307003030 0.000000e+00
307003031 0.000000e+00
307004032 0.000000e+00
307004033 0.000000e+00
307004034 0.000000e+00
307004035 0.000000e+00
307004036 0.000000e+00
307004037 0.000000e+00
307004038 0.000000e+00
307004039 0.000000e+00
307005040 0.000000e+00
307005041 0.000000e+00
307005042 0.000000e+00
307005043 0.000000e+00
307005044 0.000000e+00
307005045 0.000000e+00
307005046 0.000000e+00
307005047 0.000000e+00
307006048 0.000000e+00
307006049 0.000000e+00
307006050 0.000000e+00
307006051 0.000000e+00
307006052 0.000000e+00
307006053 0.000000e+00
307006054 0.000000e+00
307006055 0.000000e+00
307007056 0.000000e+00
307007057 0.000000e+00
307007058 0.000000e+00
307007059 0.000000e+00
307007060 0.000000e+00
307007061 0.000000e+00
307007062 0.000000e+00
307007063 0.000000e+00
307008064 0.000000e+00
307008065 0.000000e+00
307008066 0.000000e+00
307008067 0.000000e+00
307008068 0.000000e+00
307008069 0.000000e+00
307008070 0.000000e+00
307008071 0.000000e+00
307009072 0.000000e+00
307009073 0.000000e+00
307009074 0.000000e+00
307009075 0.000000e+00
307009076 0.000000e+00
307009077 0.000000e+00
307009078 0.000000e+00
307009079 0.000000e+00
307010080 0.000000e+00
307010081 0.000000e+00
307010082 0.000000e+00
307010083 0.000000e+00
307010084 0.000000e+00
307010085 0.000000e+00
307010086 0.000000e+00
307010087 0.000000e+00
307011088 0.000000e+00
307011089 0.000000e+00
307011090 0.000000e+00
307011091 0.000000e+00
307011092 0.000000e+00
307011093 0.000000e+00
307011094 0.000000e+00
307011095 0.000000e+00
406000000 0.000000e+00
406000001 0.000000e+00
406000002 0.000000e+00
406000003 0.000000e+00
406000004 0.000000e+00
406000005 0.000000e+00
406000006 0.000000e+00
406000007 0.000000e+00
406001008 0.000000e+00
406001009 0.000000e+00
406001010 0.000000e+00
406001011 0.000000e+00
406001012 0.000000e+00
406001013 0.000000e+00
406001014 0.000000e+00
406001015 0.000000e+00
406002016 0.000000e+00
406002017 0.000000e+00
406002018 0.000000e+00
406002019 0.000000e+00
406002020 0.000000e+00
406002021 0.000000e+00
406002022 0.000000e+00
406002023 0.000000e+00
406003024 0.000000e+00
406003025 0.000000e+00
406003026 0.000000e+00
406003027 0.000000e+00
406003028 0.000000e+00
406003029 0.000000e+00
406003030 0.000000e+00
406003031 0.000000e+00
406004032 0.000000e+00
406004033 0.000000e+00
406004034 0.000000e+00
406004035 0.000000e+00
406004036 0.000000e+00
406004037 0.000000e+00
406004038 0.000000e+00
406004039 0.000000e+00
406005040 0.000000e+00
406005041 0.000000e+00
406005042 0.000000e+00
406005043 0.000000e+00
406005044 0.000000e+00
406005045 0.000000e+00
406005046 0.000000e+00
406005047 0.000000e+00
406006048 0.000000e+00
406006049 0.000000e+00
406006050 0.000000e+00
406006051 0.000000e+00
406006052 0.000000e+00
406006053 0.000000e+00
406006054 0.000000e+00
406006055 0.000000e+00
406007056 0.000000e+00
406007057 0.000000e+00
406007058 0.000000e+00
406007059 0.000000e+00
406007060 0.000000e+00
406007061 0.000000e+00
406007062 0.000000e+00
406007063 0.000000e+00
406008064 0.000000e+00
406008065 0.000000e+00
406008066 0.000000e+00
406008067 0.000000e+00
406008068 0.000000e+00
406008069 0.000000e+00
406008070 0.000000e+00
406008071 0.000000e+00
406009072 0.000000e+00
406009073 0.000000e+00
406009074 0.000000e+00
406009075 0.000000e+00
406009076 0.000000e+00
406009077 0.000000e+00
406009078 0.000000e+00
406009079 0.000000e+00
406010080 0.000000e+00
406010081 0.000000e+00
406010082 0.000000e+00
406010083 0.000000e+00
406010084 0.000000e+00
406010085 0.000000e+00
406010086 0.000000e+00
406010087 0.000000e+00
406011088 0.000000e+00
406011089 0.000000e+00
406011090 0.000000e+00
406011091 0.000000e+00
406011092 0.000000e+00
406011093 0.000000e+00
406011094 0.000000e+00
406011095 0.000000e+00
503000000 0.000000e+00
503000001 0.000000e+00
503000002 0.000000e+00
503000003 0.000000e+00
503000004 0.000000e+00
503000005 0.000000e+00
503000006 0.000000e+00
503000007 0.000000e+00
503001008 0.000000e+00
503001009 0.000000e+00
503001010 0.000000e+00
503001011 0.000000e+00
503001012 0.000000e+00
503001013 0.000000e+00
503001014 0.000000e+00
503001015 0.000000e+00
503002016 0.000000e+00
503002017 0.000000e+00
503002018 0.000000e+00
503002019 0.000000e+00
503002020 0.000000e+00
503002021 0.000000e+00
503002022 0.000000e+00
503002023 0.000000e+00
503003024 0.000000e+00
503003025 0.000000e+00
503003026 0.000000e+00
503003027 0.000000e+00
503003028 0.000000e+00
503003029 0.000000e+00
503003030 0.000000e+00
503003031 0.000000e+00
503004032 0.000000e+00
503004033 0.000000e+00
503004034 0.000000e+00
503004035 0.000000e+00
503004036 0.000000e+00
503004037 0.000000e+00
503004038 0.000000e+00
503004039 0.000000e+00
503005040 0.000000e+00
503005041 0.000000e+00
503005042 0.000000e+00
503005043 0.000000e+00
503005044 0.000000e+00
503005045 0.000000e+00
503005046 0.000000e+00
503005047 0.000000e+00
503006048 0.000000e+00
503006049 0.000000e+00
503006050 0.000000e+00
503006051 0.000000e+00
503006052 0.000000e+00
503006053 0.000000e+00
503006054 0.000000e+00
503006055 0.000000e+00
503007056 0.000000e+00
503007057 0.000000e+00
503007058 0.000000e+00
503007059 0.000000e+00
503007060 0.000000e+00
503007061 0.000000e+00
503007062 0.000000e+00
503007063 0.000000e+00
503008064 0.000000e+00
503008065 0.000000e+00
503008066 0.000000e+00
503008067 0.000000e+00
503008068 0.000000e+00
503008069 0.000000e+00
503008070 0.000000e+00
503008071 0.000000e+00
503009072 0.000000e+00
503009073 0.000000e+00
503009074 0.000000e+00
503009075 0.000000e+00
503009076 0.000000e+00
503009077 0.000000e+00
503009078 0.000000e+00
503009079 0.000000e+00
503010080 0.000000e+00
503010081 0.000000e+00
503010082 0.000000e+00
503010083 0.000000e+00
503010084 0.000000e+00
503010085 0.000000e+00
503010086 0.000000e+00
503010087 0.000000e+00
503011088 0.000000e+00
503011089 0.000000e+00
503011090 0.000000e+00
503011091 0.000000e+00
503011092 0.000000e+00
503011093 0.000000e+00
503011094 0.000000e+00
503011095 0.000000e+00
509000000 0.000000e+00
509000001 0.000000e+00
509000002 0.000000e+00
509000003 0.000000e+00
509000004 0.000000e+00
509000005 0.000000e+00
509000006 0.000000e+00
509000007 0.000000e+00
509001008 0.000000e+00
509001009 0.000000e+00
509001010 0.000000e+00
509001011 0.000000e+00
509001012 0.000000e+00
509001013 0.000000e+00
509001014 0.000000e+00
509001015 0.000000e+00
509002016 0.000000e+00
509002017 0.000000e+00
509002018 0.000000e+00
509002019 0.000000e+00
509002020 0.000000e+00
509002021 0.000000e+00
509002022 0.000000e+00
509002023 0.000000e+00
509003024 0.000000e+00
509003025 0.000000e+00
509003026 0.000000e+00
509003027 0.000000e+00
509003028 0.000000e+00
509003029 0.000000e+00
509003030 0.000000e+00
509003031 0.000000e+00
509004032 0.000000e+00
509004033 0.000000e+00
509004034 0.000000e+00
509004035 0.000000e+00
509004036 0.000000e+00
509004037 0.000000e+00
509004038 0.000000e+00
509004039 0.000000e+00
509005040 0.000000e+00
509005041 0.000000e+00
509005042 0.000000e+00
509005043 0.000000e+00
509005044 0.000000e+00
509005045 0.000000e+00
509005046 0.000000e+00
509005047 0.000000e+00
509006048 0.000000e+00
509006049 0.000000e+00
509006050 0.000000e+00
509006051 0.000000e+00
509006052 0.000000e+00
509006053 0.000000e+00
509006054 0.000000e+00
509006055 0.000000e+00
509007056 0.000000e+00
509007057 0.000000e+00
509007058 0.000000e+00
509007059 0.000000e+00
509007060 0.000000e+00
509007061 0.000000e+00
509007062 0.000000e+00
509007063 0.000000e+00
509008064 0.000000e+00
509008065 0.000000e+00
509008066 0.000000e+00
509008067 0.000000e+00
509008068 0.000000e+00
509008069 0.000000e+00
509008070 0.000000e+00
509008071 0.000000e+00
509009072 0.000000e+00
509009073 0.000000e+00
509009074 0.000000e+00
509009075 0.000000e+00
509009076 0.000000e+00
509009077 0.000000e+00
509009078 0.000000e+00
509009079 0.000000e+00
509010080 0.000000e+00
509010081 0.000000e+00
509010082 0.000000e+00
509010083 0.000000e+00
509010084 0.000000e+00
509010085 0.000000e+00
509010086 0.000000e+00
509010087 0.000000e+00
509011088 0.000000e+00
509011089 0.000000e+00
509011090 0.000000e+00
509011091 0.000000e+00
509011092 0.000000e+00
509011093 0.000000e+00
509011094 0.000000e+00
509011095 0.000000e+00
