48
-12.563 -6.4541 0 -12.563 -6.4541 0
-13.2726 1.7248 0 -13.2726 1.7248 0
-15.7716 -4.2843 0 -15.7716 -4.2843 0
-16.5441 2.6833 0 -16.5441 2.6833 0
16.1327 13.3407 0 16.1327 13.3407 0
14.8658 19.5829 0 14.8658 19.5829 0
24.2154 11.1422 0 24.2154 11.1422 0
24.3151 16.2172 0 24.3151 16.2172 0
-18.1951 -9.0296 0 -18.1951 -9.0296 0
-19.488 -15.9105 0 -19.488 -15.9105 0
-22.2205 -20.5718 0 -22.2205 -20.5718 0
-25.7877 -12.6999 0 -25.7877 -12.6999 0
3.9041 3.3027 0 3.9041 3.3027 0
-1.742 4.2874 0 -1.742 4.2874 0
-1.8492 7.7026 0 -1.8492 7.7026 0
2.5874 9.5549 0 2.5874 9.5549 0
-4.6887 9.8306 0 -4.6887 9.8306 0
-9.4169 8.1234 0 -9.4169 8.1234 0
-7.4369 16.5615 0 -7.4369 16.5615 0
-12.0413 15.6859 0 -12.0413 15.6859 0
11.9652 -17.4725 0 11.9652 -17.4725 0
5.3126 -23.553 0 5.3126 -23.553 0
17.0299 -25.2735 0 17.0299 -25.2735 0
5.6213 -29.3131 0 5.6213 -29.3131 0
-6.5766 -11.3486 0 -6.5766 -11.3486 0
-10.6499 -12.1119 0 -10.6499 -12.1119 0
-5.3212 -15.4347 0 -5.3212 -15.4347 0
-6.1064 -19.432 0 -6.1064 -19.432 0
20.2159 -4.1196 0 20.2159 -4.1196 0
24.0473 -3.3066 0 24.0473 -3.3066 0
21.9001 -13.0119 0 21.9001 -13.0119 0
27.7509 -11.6494 0 27.7509 -11.6494 0
-6.1353 20.2508 0 -6.1353 20.2508 0
-0.5381 23.6962 0 -0.5381 23.6962 0
-2.0644 33.4913 0 -2.0644 33.4913 0
-7.9707 30.6729 0 -7.9707 30.6729 0
7.2295 -0.3092 0 7.2295 -0.3092 0
8.5838 5.2761 0 8.5838 5.2761 0
11.1514 -1.1307 0 11.1514 -1.1307 0
12.7741 2.2046 0 12.7741 2.2046 0
-25.4153 1.1582 0 -25.4153 1.1582 0
-21.919 10.6075 0 -21.919 10.6075 0
-30.4327 7.3724 0 -30.4327 7.3724 0
-25.4774 16.6694 0 -25.4774 16.6694 0
4.1875 -6.0873 0 4.1875 -6.0873 0
8.0048 -7.3558 0 8.0048 -7.3558 0
1.8647 -10.292 0 1.8647 -10.292 0
7.0078 -11.4109 0 7.0078 -11.4109 0
