2.36658e-29
9.40094e-29
3.68299e-28
1.42301e-27
5.42247e-27
2.03781e-26
7.55285e-26
2.76081e-25
9.95273e-25
3.53857e-24
1.24077e-23
4.29077e-23
1.46338e-22
4.92222e-22
1.63284e-21
5.342e-21
1.72363e-20
5.48485e-20
1.72133e-19
5.32774e-19
1.6263e-18
4.89598e-18
1.45364e-17
4.2565e-17
1.22922e-16
3.50093e-16
9.83374e-16
2.72416e-15
7.44263e-15
2.00539e-14
5.32907e-14
1.39664e-13
3.60989e-13
9.20205e-13
2.31342e-12
5.73593e-12
1.4026e-11
3.38252e-11
8.04504e-11
1.8871e-10
40
40
40
40
40
40
40
40
40
40
40
40
40
40
40
40
40
40.0001
40.0001
40.0003
0.000457764
0.000791507
0.00134973
0.00226997
0.00376507
0.00615891
0.00993607
0.015809
0.024807
0.0383904
0.0585938
0.0881981
0.130932
0.191696
0.276795
0.39417
0.55359
0.766783
1.04746
1.41117
1.875
2.45699
3.17529
4.04711
5.08727
6.30672
7.71085
9.29781
11.057
12.9681
15
17.1115
19.2514
21.3608
23.3749
25.2269
26.8508
28.1857
29.1796
29.7928
30
29.7928
29.1796
28.1857
26.8508
25.2269
23.3749
21.3608
19.2514
17.1115
15
12.9681
11.057
9.29781
7.71085
6.30672
5.08727
4.04711
3.17529
2.45699
1.875
1.41117
1.04746
0.766783
0.55359
0.39417
0.276795
0.191696
0.130932
0.0881981
0.0585938
0.0383904
0.024807
0.015809
0.00993607
0.00615891
0.00376507
0.00226998
0.00134975
0.000791526
0.000457791
0.00026114
0.000146935
8.15695e-05
4.47067e-05
2.42348e-05
1.30571e-05
7.08307e-06
3.99642e-06
2.51208e-06
40
1.91653e-06
2.28916e-06
3.00962e-06
4.10825e-06
5.67389e-06
7.85087e-06
1.08454e-05
1.49396e-05
2.05124e-05
2.80684e-05
3.82757e-05
5.20149e-05
7.04414e-05
9.50656e-05
0.000127854
0.000171356
0.000228865
0.000304617
0.000404039
0.000534058
0.000703473
0.000923425
0.00120796
0.00157469
0.00204566
0.0026483
0.00341661
0.00439258
0.00562779
0.00718539
0.00914236
0.0115921
0.0146473
0.0184438
0.023144
0.0289415
0.036066
0.0447888
0.0554289
0.0683594
0.0840146
0.102898
0.125589
0.152754
0.185152
0.223645
0.269206
0.322928
0.38603
0.459865
0.545928
0.645855
0.76143
0.89458
1.04738
1.22203
1.42088
1.64636
1.90103
2.1875
2.50843
2.86649
3.26432
3.70451
4.18951
4.72162
5.30291
5.93514
6.61978
7.35784
8.1499
8.996
9.89557
10.8474
11.8497
12.8999
13.9945
15.1294
16.2998
17.5
18.7236
19.9634
21.2116
22.46
23.6995
24.9209
26.1146
27.2708
28.3796
29.4314
30.4165
31.3259
32.1508
32.8833
33.5161
34.0429
34.4584
34.7582
34.9394
35
34.9394
34.7582
34.4584
34.0429
33.5161
32.8833
32.1508
31.3259
30.4165
29.4314
28.3796
27.2708
26.1146
24.9209
23.6995
22.46
21.2116
19.9634
18.7236
17.5
16.2998
15.1294
13.9945
12.8999
11.8497
10.8474
9.89557
8.996
8.1499
7.35784
6.61978
5.93514
5.30291
4.72162
4.18951
3.70451
3.26432
2.86649
2.50843
2.1875
1.90103
1.64636
1.42088
1.22203
1.04738
0.89458
0.76143
0.645855
0.545928
