2.36658e-29
9.40094e-29
3.68299e-28
1.42301e-27
5.42247e-27
2.03781e-26
7.55285e-26
2.76081e-25
9.95273e-25
3.53857e-24
1.24077e-23
4.29077e-23
1.46338e-22
4.92222e-22
1.63284e-21
5.342e-21
1.72363e-20
5.48485e-20
1.72133e-19
5.32774e-19
1.6263e-18
4.89598e-18
1.45364e-17
4.2565e-17
1.22922e-16
3.50093e-16
9.83374e-16
2.72416e-15
7.44263e-15
2.00539e-14
5.32907e-14
1.39664e-13
3.60989e-13
9.20205e-13
2.31342e-12
5.73593e-12
1.4026e-11
3.38252e-11
8.04504e-11
1.8871e-10
40
40
40
40
40
40
40
40
40
40
40
40
40
40
40
40
40
40.0001
40.0001
40.0003
0.000457764
0.000791507
0.00134973
0.00226997
0.00376507
0.00615891
0.00993607
0.015809
0.024807
0.0383904
0.0585938
0.0881981
0.130932
0.191696
0.276795
0.39417
0.55359
0.766783
1.04746
1.41117
1.875
2.45699
3.17529
4.04711
5.08727
6.30672
7.71085
9.29781
11.057
12.9681
15
17.1115
19.2514
21.3608
23.3749
25.2269
26.8508
28.1857
29.1796
29.7928
30
29.7928
29.1796
28.1857
26.8508
25.2269
23.3749
21.3608
19.2514
17.1115
15
12.9681
11.057
9.29781
7.71085
6.30672
5.08727
4.04711
3.17529
2.45699
1.875
1.41117
1.04746
0.766783
0.55359
0.39417
0.276795
0.191696
0.130932
0.0881981
0.0585938
0.0383904
0.024807
0.015809
0.00993607
0.00615891
0.00376507
0.00226997
0.00134973
0.000791507
0.000457764
0.0002611
0.000146876
8.14848e-05
4.45842e-05
2.40582e-05
1.28034e-05
6.71999e-06
3.47849e-06
1.77579e-06
40
4.43947e-07
2.17405e-07
1.05e-07
5.00134e-08
2.34944e-08
1.08848e-08
4.97344e-09
2.24116e-09
9.96018e-10
4.36557e-10
1.8871e-10
8.04504e-11
3.38252e-11
1.4026e-11
5.73593e-12
2.31342e-12
9.20205e-13
3.60989e-13
1.39664e-13
5.32907e-14
2.00539e-14
7.44263e-15
2.72416e-15
9.83374e-16
3.50093e-16
1.22922e-16
4.2565e-17
1.45364e-17
4.89598e-18
1.6263e-18
5.32774e-19
1.72133e-19
5.48485e-20
1.72363e-20
5.342e-21
1.63284e-21
4.92222e-22
1.46338e-22
4.29077e-23
1.24077e-23
3.53857e-24
9.95273e-25
2.76081e-25
7.55285e-26
20
20
20
20
20
20
20
20
20
20
20
20
20
20
20
20
20
20
20
20
20
20
20
20
20
20
20
20
20
20
20
20
20
20
20
20
20
20
20
20
20
20
20
20
20
20
20
20
20
20
20
20
20
20
20
20
20
20
20
20
1.42779e-71
1.65372e-72
1.88902e-73
2.12811e-74
2.36444e-75
2.59085e-76
2.79986e-77
2.98407e-78
3.13662e-79
3.25157e-80
3.32434e-81
3.35194e-82
3.33323e-83
3.269e-84
3.16187e-85
3.01615e-86
2.83753e-87
2.63274e-88
2.40909e-89
2.1741e-90
1.93502e-91
1.69852e-92
1.47039e-93
1.25539e-94
1.05706e-95
8.77814e-97
7.18926e-98
5.80692e-99
4.62579e-100
3.63418e-101
2.81582e-102
2.15171e-103
1.62159e-104
1.20526e-105
8.8348e-107
6.38694e-108
4.55374e-109
3.20202e-110
2.22054e-111
1.5187e-112
1.02439e-113
6.81456e-115
4.47085e-116
2.89282e-117
1.846e-118
