0.0226044
0.0306652
0.041345
0.0554019
0.073782
0.0976563
0.128462
0.167947
0.21822
0.2818
0.36167
0.461325
0.584826
0.736834
0.922651
1.14823
1.42018
1.74576
2.13279
2.58963
3.125
3.74789
4.46733
5.29216
6.23078
7.29081
8.47878
9.79975
11.257
12.8514
14.5816
16.4431
18.4284
20.5264
22.723
25
27.3363
29.7073
32.0856
34.4416
36.7434
38.9582
41.0529
42.9944
44.7513
46.2937
47.5952
48.6327
49.3877
49.8462
50
49.8462
49.3877
48.6328
47.5952
46.2938
44.7513
42.9945
41.053
38.9585
36.7438
34.4423
32.087
29.7096
27.34
25.0062
22.7329
20.5423
18.4532
16.4815
14.6402
12.9396
11.3879
9.99145
8.75557
7.68498
6.78437
6.05894
5.51478
5.15906
5
5.04662
5.30809
5.79287
6.50745
7.45495
8.6335
10.0346
11.6418
13.4294
15.3617
17.3933
19.4696
21.5287
23.5034
25.3245
26.9245
28.2411
29.221
29.8234
30.0226
29.8093
29.1917
28.1944
26.857
25.2314
23.3781
21.363
19.253
17.1126
15.0008
12.9686
11.0574
9.29805
7.71102
6.30683
5.08734
4.04716
3.17533
2.45701
1.87501
1.41118
1.04746
0.766787
0.553593
0.394172
0.276796
0.191696
0.130932
0.0881983
0.0585939
0.0383905
0.024807
0.015809
0.00993609
0.00615892
0.00376508
0.00226998
0.00134975
0.000791527
0.000457792
0.000261141
0.000146935
8.15696e-05
4.47067e-05
2.42349e-05
1.30571e-05
7.08308e-06
3.99643e-06
2.51208e-06
40
1.91653e-06
2.28916e-06
3.00962e-06
4.10825e-06
5.67389e-06
7.85087e-06
1.08454e-05
1.49396e-05
2.05124e-05
2.80684e-05
3.82757e-05
5.20149e-05
7.04414e-05
9.50656e-05
0.000127854
0.000171356
0.000228865
0.000304617
0.000404039
0.000534058
0.000703473
0.000923425
0.00120796
0.00157469
0.00204566
0.0026483
0.00341661
0.00439258
0.00562779
0.00718539
0.00914236
0.0115921
0.0146473
0.0184438
0.023144
0.0289415
0.036066
0.0447888
0.0554289
0.0683594
0.0840146
0.102898
0.125589
0.152754
0.185152
0.223645
0.269206
0.322928
0.38603
0.459865
0.545928
0.645855
0.76143
0.89458
1.04738
1.22203
1.42088
1.64636
1.90103
2.1875
2.50843
2.86649
3.26432
3.70451
4.18951
4.72162
5.30291
5.93514
6.61978
7.35784
8.1499
8.996
9.89557
10.8474
11.8497
12.8999
13.9945
15.1294
16.2998
17.5
18.7236
19.9634
21.2116
22.46
23.6995
24.9209
26.1146
27.2708
28.3796
29.4314
30.4165
31.3259
32.1508
32.8833
33.5161
34.0429
34.4584
34.7582
34.9394
35
34.9394
34.7582
34.4584
34.0429
33.5161
32.8833
32.1508
31.3259
30.4165
29.4314
28.3796
27.2708
26.1146
24.9209
23.6995
22.46
21.2116
19.9634
18.7236
17.5
16.2998
15.1294
13.9945
12.8999
11.8497
10.8474
9.89557
8.996
8.1499
7.35784
6.61978
5.93514
5.30291
4.72162
4.18951
3.70451
3.26432
2.86649
2.50843
2.1875
1.90103
1.64636
1.42088
1.22203
1.04738
0.89458
0.76143
0.645855
0.545928
