4.36557e-10
2.24116e-09
1.08848e-08
5.00134e-08
2.17405e-07
8.9407e-07
3.47849e-06
1.28034e-05
4.45842e-05
0.000146876
50.0005
0.00134973
0.00376507
0.00993607
0.024807
0.0585938
0.130932
0.276795
0.55359
1.04746
1.875
3.17529
5.08727
7.71085
11.057
15
19.2514
23.3749
26.8508
29.1796
30
29.1796
26.8508
23.3749
19.2514
15
11.057
7.71088
5.08734
3.17554
1.87576
1.04971
0.559865
0.293355
0.172277
0.15625
0.243027
0.471261
0.926416
1.74711
23.1255
5.29231
8.47882
12.8514
18.4284
25
32.0856
38.9582
44.7513
48.6327
50
48.6327
44.7513
38.9582
32.0856
25
18.4284
12.8514
8.47878
5.29216
3.125
1.74576
0.922651
0.461325
0.21822
0.0976563
0.041345
0.0165601
0.00627511
0.00224956
0.000762939
0.000244794
7.43069e-05
2.13391e-05
5.79748e-06
40
40
40
40
40
40
40
40
40
40
8.88178e-14
1.24044e-14
1.63896e-15
2.0487e-16
2.42273e-17
