7.27596e-10
3.73526e-09
1.81413e-08
8.33557e-08
3.62342e-07
1.49012e-06
5.79748e-06
2.13391e-05
7.43069e-05
0.000244794
0.000762939
0.00224956
0.00627511
0.0165601
0.041345
0.0976563
0.21822
0.461325
0.922651
1.74576
3.125
5.29216
8.47878
12.8514
18.4284
25
32.0856
38.9582
44.7513
48.6327
50
48.6327
44.7513
38.9582
32.0856
25
18.4284
12.8514
8.47878
5.29216
3.125
1.74576
0.922651
0.461325
0.21822
0.0976563
0.041345
0.0165601
0.00627511
0.00224956
0.000762939
0.000244794
7.43069e-05
2.13391e-05
5.79748e-06
1.49012e-06
3.62342e-07
8.33557e-08
1.81413e-08
3.73526e-09
7.27596e-10
1.34084e-10
2.33766e-11
3.8557e-12
6.01649e-13
8.88178e-14
1.24044e-14
1.63896e-15
2.0487e-16
2.42273e-17
2.71051e-18
2.86888e-19
2.87272e-20
2.72139e-21
2.43897e-22
2.06795e-23
1.65879e-24
1.25881e-25
9.03744e-27
6.13832e-28
3.9443e-29
2.39778e-30
1.379e-31
7.50308e-33
3.86217e-34
1.88079e-35
8.66498e-37
3.77669e-38
1.55731e-39
6.0751e-41
2.24208e-42
7.82826e-44
2.58582e-45
8.08068e-47
2.389e-48
6.68191e-50
1.76809e-51
4.42613e-53
1.04824e-54
2.34865e-56
