0.00197651
-0.597331
0.310471
-1.76003
0.595343
0.138263
-0.176037
-0.143544
0.564366
0.221605
0.403323
-0.776628
-0.352995
-0.420144
0.979925
1.03313
0.60906
-0.242989
0.185552
0.787789
0.355327
-0.428092
0.343936
-0.700057
-1.25449
2.39548
-0.61741
-0.351905
1.2121
-0.319038
0.497141
-0.511912
0.775442
0.937622
-0.3678
1.06428
-0.49154
1.65729
0.189018
-0.143557
-1.61248
0.104652
-1.29096
-1.81703
-0.259374
0.611355
-1.05859
-0.81794
-0.898237
1.47238
0.063995
-0.135974
1.33316
-0.359522
0.968521
0.363475
0.338945
0.0421014
1.76502
0.162309
-0.665842
-0.334895
0.364263
-1.09009
-0.536788
0.488467
-1.23558
-0.478439
1.76092
2.11031
1.23938
-2.21844
0.329815
0.00336209
0.18751
0.612396
1.13173
0.952798
-0.303982
0.011304
0.747038
-1.59086
-0.215794
-0.0791761
-1.84191
-0.922427
0.364788
1.2572
0.669629
-0.654436
1.10525
0.112171
0.995148
-1.57399
-1.57237
0.654238
0.256247
1.2386
0.0651305
0.19293
-1.24865
-0.323576
-0.403747
-1.00982
2.11928
1.25216
-2.577
-0.281108
1.20312
0.831934
-1.03135
0.601712
-0.472829
-0.661051
-0.592883
-2.07616
0.135135
1.70275
0.696903
-1.46925
-1.14752
-1.43024
0.306929
0.243659
0.756774
0.431048
0.418186
-0.41114
0.130627
-1.05246
-0.606646
1.64472
-1.69579
0.788234
0.17181
1.2577
0.340723
-0.838659
-0.177965
2.07847
1.71101
1.74804
0.439825
-1.62086
1.21378
2.36082
-0.342682
0.551113
-1.67917
1.26302
0.37029
-0.318147
0.755144
-1.61442
0.232151
1.04203
-0.68076
2.32423
0.129796
0.862804
0.633052
-0.663323
-1.24712
-0.577575
-0.533782
1.67201
-0.0861604
-0.599726
1.5653
0.74532
-1.14734
1.11151
-0.592548
-0.86997
-0.858391
0.91433
-0.506508
0.265116
-1.23876
2.43455
0.387829
-1.59782
1.20495
0.406095
0.808542
-0.843038
-1.01845
-0.520194
-0.605848
0.128595
0.570449
-0.634739
-0.761586
0.67684
1.57001
-0.978154
0.24143
0.0718536
-2.04433
0.397944
-1.42236
2.70844
1.26025
1.91489
-0.431992
-0.631313
-1.51394
0.0433103
-0.771576
-0.0834007
0.248928
-0.643122
-1.00409
0.893849
3.04192
0.694492
-0.790777
0.20011
1.87006
0.494139
1.2009
-1.74998
0.585504
3.26
0.0267902
0.126494
0.0529867
-1.11835
-0.453977
0.978885
1.89323
-1.04708
-0.828761
1.73155
-0.188006
0.192574
1.1124
0.548397
0.816747
-0.785599
0.577811
-0.328587
0.0529939
1.26076
-2.57076
-0.827286
0.44047
-0.34326
2.3378
1.71726
1.50536
-1.24916
0.349666
-0.426253
-0.521567
0.241088
-0.586878
-0.194344
1.44955
1.13244
0.642728
-0.94354
-0.64011
0.859474
-1.209
-0.310361
2.1116
1.09316
0.7041
0.958373
1.20894
0.22499
0.166071
-1.92852
-0.292635
-0.265153
-1.33765
-0.316351
0.583552
1.34343
1.1726
-0.503702
0.341342
0.965587
-1.02144
-1.74697
0.591897
-0.174142
-0.0516961
0.554921
1.6948
0.84723
0.616821
-0.644615
-0.454339
-1.27115
2.15107
-1.05457
1.53041
-2.47833
0.796977
-0.866002
0.622534
-2.06367
-0.139754
0.423752
0.902212
0.291396
1.28146
-0.932881
0.394534
0.508614
1.24028
0.646339
0.886764
0.332574
0.860483
-0.978151
-1.14728
-1.62234
-0.257699
-1.61077
0.179882
0.0977549
-0.178628
-0.382722
-0.0159521
0.665107
0.858615
0.104904
-2.76887
0.319231
-0.225
0.699002
0.129444
-2.0694
-0.396054
0.271907
0.678496
0.373807
-0.377936
-0.150292
-0.800526
-0.617189
-0.109824
-0.345346
-1.76111
2.0676
-0.046299
-1.2599
0.962422
-0.398882
0.465891
-0.34919
-1.22825
-1.15477
-0.382104
1.89005
-0.921445
0.137064
-1.62333
-1.64635
-0.237223
-1.63091
1.19182
-0.593317
-0.230622
1.55497
-0.317179
-1.29337
-0.697822
-0.950062
-2.16981
0.909546
-0.944365
-0.403253
1.08958
0.451345
1.53798
0.0307872
0.134544
-0.141561
-1.06428
0.769636
-0.570996
0.183345
-0.309059
1.18929
1.83692
-0.611572
0.228328
-0.380323
-1.33163
0.419225
-2.27263
0.828656
-1.08222
0.383127
0.30758
-0.649039
0.305028
-1.95053
1.96172
0.299168
-2.67886
-0.311205
-0.293362
-0.614075
-0.222189
-1.60214
1.16436
-0.236081
2.01357
1.26306
-0.137725
-1.04949
0.0840695
-0.637424
0.384754
1.58486
0.0978936
-0.812026
-0.71068
-0.224594
-1.22171
-0.370996
-1.82789
-0.690094
-0.217228
-1.22106
0.327102
0.641819
-0.32866
0.0782898
1.83004
-0.0526386
-0.307872
0.0333457
0.787252
-1.37413
1.55291
0.523756
-0.124985
-0.746267
1.95021
-0.753842
0.674843
1.07708
0.219431
-0.0693968
-0.0764804
1.16663
2.35163
-0.849307
-0.51786
0.541562
1.91797
1.3487
-1.95237
1.86539
1.22077
-0.271764
-0.128343
-0.607811
-0.238285
-0.560194
-1.61758
0.161428
-0.459475
-0.474683
0.884374
-1.38851
1.22965
2.56656
-0.534906
-0.755758
0.832184
0.974516
-1.27942
-0.430101
0.0766222
2.09162
0.973456
0.188741
-0.502126
0.110014
-0.869551
0.466009
0.55572
-0.423365
-0.232031
-0.340558
1.04022
0.383169
1.62111
0.666666
-0.7561
-1.09617
0.683167
-1.57154
