180.516
-101.502
-51.3882
69.745
9.59641
-170.909
28.2516
-2.63955
-44.8658
-42.457
-165.674
-121.582
32.3097
-107.303
-64.2658
104.819
-5.27193
-20.2028
48.8508
21.1134
128.612
13.1804
-114.343
41.5844
-8.72409
-92.4031
-91.8928
-50.009
-68.3851
-56.307
-61.348
-110.898
-59.5954
-20.4769
-10.2896
-1.67483
-174.488
-134.366
-43.1
-63.7799
-196.014
65.1346
139.11
34.9933
149.567
-72.2789
-63.7974
-7.50465
-39.4888
-79.5914
113.426
66.8786
120.094
93.8989
-72.9952
51.4813
104.742
-78.6648
12.4376
-44.9096
277.521
-32.4051
54.5439
94.8638
-27.9998
27.2989
44.615
6.54731
136.207
119.573
-221.291
-82.5529
14.6097
33.2576
53.7709
145.942
171.5
-37.6278
-77.9832
184.677
-84.4527
-19.5826
20.5769
114.656
70.3915
28.1773
12.3798
136.348
-89.8457
66.1761
80.96
67.3642
85.9683
185.831
-141.048
-8.47909
-90.7965
-152.061
-73.4116
31.0415
