361.032
-203.005
-102.776
139.49
19.1928
-341.819
56.5031
-5.2791
-89.7316
-84.9141
-331.349
-243.165
64.6194
-214.605
-128.532
209.639
-10.5439
-40.4055
97.7016
42.2268
257.224
26.3608
-228.686
83.1688
-17.4482
-184.806
-183.786
-100.018
-136.77
-112.614
-122.696
-221.795
-119.191
-40.9539
-20.5793
-3.34965
-348.976
-268.732
-86.1999
-127.56
-392.027
130.269
278.22
69.9867
299.133
-144.558
-127.595
-15.0093
-78.9777
-159.183
226.853
133.757
240.189
187.798
-145.99
102.963
209.484
-157.33
24.8751
-89.8192
555.042
-64.8101
109.088
189.728
-55.9995
54.5978
89.2299
13.0946
272.413
239.146
-442.583
-165.106
29.2195
66.5152
107.542
291.884
343
-75.2555
-155.966
369.354
-168.905
-39.1653
41.1538
229.312
140.783
56.3545
24.7596
272.696
-179.691
132.352
161.92
134.728
171.937
371.663
-282.096
-16.9582
-181.593
-304.122
-146.823
62.083
