194.199
-98.5256
151.674
141.661
-33.5487
59.6645
133.469
-98.3397
-173.066
119.779
-95.9849
5.38946
-18.2343
195.165
-124.961
-132.051
193.793
-102.532
-105.399
177.692
-115.955
-195.753
-41.1699
-56.1002
-139.907
42.1273
116.843
-71.6376
137.518
180.995
-191.422
-49.9518
73.9227
171.038
-194.472
-54.7008
13.4255
131.003
47.2116
-129.816
-160.536
-15.1568
-72.7161
-133.618
-104.482
-126.894
123.195
-192.324
-117.129
-64.7952
-58.8486
-171.271
-32.0436
-196.867
164.585
170.223
-36.2962
-47.1344
-142.895
-96.5628
-194.575
114.955
21.7067
-65.3235
29.1696
115.959
-43.6544
90.334
-21.0752
-179.161
-168.594
-125.904
-90.8705
190.348
-147.073
-72.9696
65.8514
111.684
-158.961
-127.398
68.9055
88.1285
94.4253
-133.886
-78.21
104.136
-182.56
50.5594
-3.29454
28.2148
128.529
73.9002
180.049
-168.096
134.381
-137.831
-178.259
-98.7673
27.6
188.073
