 0  0.  0.  0.
 1  1.  1.  1.
 2  1.  0.  0.
 3  0.  1.  0.
 4  0.  0.  1.
 5  0.  1.  1.
 6  1.  0.  1.
 7  1.  1.  0.
 8  1.  0.501960814  0.
 9  0.501960814  1.  0.
 10  0.  1.  0.501960814
 11  0.  0.501960814  1.
 12  0.501960814  0.  1.
 13  1.  0.  0.501960814
 14  0.333333343  0.333333343  0.333333343
 15  0.666666687  0.666666687  0.666666687
 16  0.  0.  0.
 17  0.0117647061  0.0117647061  0.0117647061
 18  0.0235294122  0.0235294122  0.0235294122
 19  0.0352941193  0.0352941193  0.0352941193
 20  0.0470588244  0.0470588244  0.0470588244
 21  0.0588235296  0.0588235296  0.0588235296
 22  0.0705882385  0.0705882385  0.0705882385
 23  0.0823529437  0.0823529437  0.0823529437
 24  0.0941176489  0.0941176489  0.0941176489
 25  0.105882354  0.105882354  0.105882354
 26  0.117647059  0.117647059  0.117647059
 27  0.129411772  0.129411772  0.129411772
 28  0.145098045  0.145098045  0.145098045
 29  0.156862751  0.156862751  0.156862751
 30  0.168627456  0.168627456  0.168627456
 31  0.180392161  0.180392161  0.180392161
 32  0.192156866  0.192156866  0.192156866
 33  0.203921571  0.203921571  0.203921571
 34  0.215686277  0.215686277  0.215686277
 35  0.227450982  0.227450982  0.227450982
 36  0.239215687  0.239215687  0.239215687
 37  0.250980407  0.250980407  0.250980407
 38  0.262745112  0.262745112  0.262745112
 39  0.274509817  0.274509817  0.274509817
 40  0.290196091  0.290196091  0.290196091
 41  0.301960796  0.301960796  0.301960796
 42  0.313725501  0.313725501  0.313725501
 43  0.325490206  0.325490206  0.325490206
 44  0.337254912  0.337254912  0.337254912
 45  0.349019617  0.349019617  0.349019617
 46  0.360784322  0.360784322  0.360784322
 47  0.372549027  0.372549027  0.372549027
 48  0.384313732  0.384313732  0.384313732
 49  0.396078438  0.396078438  0.396078438
 50  0.407843143  0.407843143  0.407843143
 51  0.419607848  0.419607848  0.419607848
 52  0.435294122  0.435294122  0.435294122
 53  0.447058827  0.447058827  0.447058827
 54  0.458823532  0.458823532  0.458823532
 55  0.470588237  0.470588237  0.470588237
 56  0.482352942  0.482352942  0.482352942
 57  0.494117647  0.494117647  0.494117647
 58  0.505882382  0.505882382  0.505882382
 59  0.517647088  0.517647088  0.517647088
 60  0.529411793  0.529411793  0.529411793
 61  0.541176498  0.541176498  0.541176498
 62  0.552941203  0.552941203  0.552941203
 63  0.564705908  0.564705908  0.564705908
 64  0.580392182  0.580392182  0.580392182
 65  0.592156887  0.592156887  0.592156887
 66  0.603921592  0.603921592  0.603921592
 67  0.615686297  0.615686297  0.615686297
 68  0.627451003  0.627451003  0.627451003
 69  0.639215708  0.639215708  0.639215708
 70  0.650980413  0.650980413  0.650980413
 71  0.662745118  0.662745118  0.662745118
 72  0.674509823  0.674509823  0.674509823
 73  0.686274529  0.686274529  0.686274529
 74  0.698039234  0.698039234  0.698039234
 75  0.709803939  0.709803939  0.709803939
 76  0.725490212  0.725490212  0.725490212
 77  0.737254918  0.737254918  0.737254918
 78  0.749019623  0.749019623  0.749019623
 79  0.760784328  0.760784328  0.760784328
 80  0.772549033  0.772549033  0.772549033
 81  0.784313738  0.784313738  0.784313738
 82  0.796078444  0.796078444  0.796078444
 83  0.807843149  0.807843149  0.807843149
 84  0.819607854  0.819607854  0.819607854
 85  0.831372559  0.831372559  0.831372559
 86  0.843137264  0.843137264  0.843137264
 87  0.854901969  0.854901969  0.854901969
 88  0.870588243  0.870588243  0.870588243
 89  0.882352948  0.882352948  0.882352948
 90  0.894117653  0.894117653  0.894117653
 91  0.905882359  0.905882359  0.905882359
 92  0.917647064  0.917647064  0.917647064
 93  0.929411769  0.929411769  0.929411769
 94  0.941176474  0.941176474  0.941176474
 95  0.952941179  0.952941179  0.952941179
 96  0.964705884  0.964705884  0.964705884
 97  0.97647059  0.97647059  0.97647059
 98  0.988235295  0.988235295  0.988235295
 99  1.  1.  1.
