%		18.7287		14.0166		0
%		23.5054		12.539		0
%		18.7287		14.0166		0
%		33.9609		6.3622		0
%		23.5054		12.539		0
%		44.4914		-5.3495		0
%		33.9609		6.3622		0
%		52.96		-23.9381		0
%		44.4914		-5.3495		0
%		56.2007		-50.2317		0
%		52.96		-23.9381		0
%		56.2007		-50.2317		0
%		19.118		-13.4807		0
%		19.1888		-18.4802		0
%		19.118		-13.4807		0
%		16.5453		-30.3327		0
%		19.1888		-18.4802		0
%		8.6609		-43.967		0
%		16.5453		-30.3327		0
%		-6.4009		-57.7653		0
%		8.6609		-43.967		0
%		-30.4062		-68.9725		0
%		-6.4009		-57.7653		0
%		-30.4062		-68.9725		0
%		-6.9131		-22.3481		0
%		-11.646		-23.9603		0
%		-6.9131		-22.3481		0
%		-23.7353		-25.1089		0
%		-11.646		-23.9603		0
%		-39.1387		-21.8236		0
%		-23.7353		-25.1089		0
%		-56.916		-11.7628		0
%		-39.1387		-21.8236		0
%		-74.9927		7.6044		0
%		-56.916		-11.7628		0
%		-74.9927		7.6044		0
%		-23.3906		-0.3312		0
%		-26.3865		3.6719		0
%		-23.3906		-0.3312		0
%		-31.2146		14.8145		0
%		-26.3865		3.6719		0
%		-32.85		30.4793		0
%		-31.2146		14.8145		0
%		-28.7751		50.4955		0
%		-32.85		30.4793		0
%		-15.9418		73.6722		0
%		-28.7751		50.4955		0
%		-15.9418		73.6722		0
%		-7.5431		22.1434		0
%		-4.6617		26.2297		0
%		-7.5431		22.1434		0
%		4.4436		34.2648		0
%		-4.6617		26.2297		0
%		18.8363		40.6608		0
%		4.4436		34.2648		0
%		39.132		42.9707		0
%		18.8363		40.6608		0
%		65.1401		37.9276		0
%		39.132		42.9707		0
%		65.1401		37.9276		0
