%   18.7287   14.0166 0
%   23.5054   12.5390 0
%   28.6266   10.0498 0
%   33.9609    6.3622 0
%   39.3277    1.2891 0
%   44.4914   -5.3495 0
%   49.1560  -13.7150 0
%   52.9600  -23.9381 0
%   55.4742  -36.1033 0
%   56.2007  -50.2317 0
%   54.5753  -66.2607 0
%   49.9740  -84.0223 0
%   19.1180  -13.4807 0
%   19.1888  -18.4802 0
%   18.4040  -24.1200 0
%   16.5453  -30.3327 0
%   13.3789  -37.0045 0
%    8.6609  -43.9670 0
%    2.1463  -50.9883 0
%   -6.4009  -57.7653 0
%  -17.1938  -63.9157 0
%  -30.4062  -68.9725 0
%  -46.1529  -72.3799 0
%  -64.4672  -73.4925 0
%   -6.9131  -22.3481 0
%  -11.6460  -23.9603 0
%  -17.2523  -24.9567 0
%  -23.7353  -25.1089 0
%  -31.0591  -24.1591 0
%  -39.1387  -21.8236 0
%  -47.8295  -17.7975 0
%  -56.9160  -11.7628 0
%  -66.1006   -3.3987 0
%  -74.9927    7.6044 0
%  -83.0994   21.5274 0
%  -89.8169   38.6015 0
%  -23.3906   -0.3312 0
%  -26.3865    3.6719 0
%  -29.0665    8.6959 0
%  -31.2146   14.8145 0
%  -32.5744   22.0734 0
%  -32.8500   30.4793 0
%  -31.7066   39.9889 0
%  -28.7751   50.4955 0
%  -23.6586   61.8152 0
%  -15.9418   73.6722 0
%   -5.2053   85.6846 0
%    8.9572   97.3495 0
%   -7.5431   22.1434 0
%   -4.6617   26.2297 0
%   -0.7118   30.3311 0
%    4.4436   34.2648 0
%   10.9270   37.8012 0
%   18.8363   40.6608 0
%   28.2338   42.5120 0
%   39.1320   42.9707 0
%   51.4788   41.6026 0
%   65.1401   37.9276 0
%   79.8823   31.4285 0
%   95.3528   21.5638 0
